0.00194 10900
0.00388 9860.02
0.00583 8890
0.00777 8030.01
0.00971 7240
0.0117 6540.01
0.0136 5899.99
0.0155 5329.98
0.0175 4809.99
0.0194 4339.99
0.0233 3539.99
0.0272 2900
0.0311 2370
0.035 1940
0.0388 1590
0.0427 1310
0.0466 1080
0.0505 895
0.0544 744.001
0.0583 622
0.066 442
0.0738 324
0.0816 247
0.0894 195
0.0971 161
0.105 138
0.113 122
0.12 110
0.128 101
0.136 94.2999
0.152 83.0001
0.167 73.3999
0.183 64.6001
0.198 56.3
0.214 48.6999
0.229 41.8
0.245 35.6001
0.26 30.0999
0.276 25.3
0.291 21.2
0.322 14.7
0.354 10.1
0.385 6.94999
0.416 4.78
0.447 3.33
0.478 2.35
0.509 1.72
0.54 1.3
0.571 1.02
0.602 0.836
0.664 0.633999
0.726 0.531
0.789 0.467999
0.851 0.414
0.913 0.369
0.975 0.325
1.04 0.286
1.1 0.248
1.16 0.218
1.22 0.188
1.35 0.146
1.47 0.119
