V 5.43 5.43 5.43 4 4 4
O 5.547298 5.553479 5.537114
D 7.5269

-4.18739 -9.93302 -3.12021 1
-9.29389 -9.98792 5.13351 1
-9.75309 -9.43062 2.8504 1
-10.2572 -5.32273 8.94932 1
-3.78723 -5.24076 -10.4032 1
-7.18248 -2.87596 8.34921 1
-10.396 2.70907 -7.99556 1
-10.7216 3.14736 -5.7492 1
-10.4601 -2.40315 8.99465 1
-9.12663 -5.85739 6.88398 1
-9.51617 5.00703 -5.37497 1
-10.3499 10.6083 -9.94015 1
-10.3398 -10.8081 4.61796 1
-8.45341 -10.8505 10.5707 1
-7.19772 -8.87962 -9.99525 1
-0.864974 -7.97609 -1.76307 1
-4.25884 -9.4359 7.16267 1
-4.89311 -10.4675 9.09868 1
-9.27479 -4.8622 -8.41695 1
-5.61913 -7.25146 -10.3095 1
-10.071 -7.03268 -7.88312 1
-7.52412 -9.86612 -6.04034 1
-7.35169 -4.72069 -6.88784 1
-8.42932 -8.58791 -8.01956 1
-9.9969 -5.60603 -4.2498 1
-6.43791 -7.81316 -5.46442 1
-6.28255 -5.48501 -8.91054 1
-10.26 -7.83107 -1.48743 1
-7.80474 -5.99207 -5.00019 1
-6.67681 -5.5296 2.52694 1
-9.64199 -5.53578 -1.62644 1
-8.68492 -9.44754 -1.51752 1
-6.56835 -5.11688 -3.28073 1
-9.22457 -6.32577 4.56931 1
-3.12472 -8.30158 4.44968 1
-5.06277 -5.51686 4.14653 1
-7.17547 -1.05514 -10.5226 1
-6.00175 -6.73766 8.77596 1
-7.50335 -9.83012 2.40677 1
-8.39387 -2.60835 5.04599 1
-9.9834 -7.34589 9.88184 1
-8.2951 -9.68432 8.9629 1
-7.64311 -8.12526 4.96707 1
-9.60174 -8.14298 7.74246 1
-7.95429 -7.30739 -10.8275 1
-6.42074 -8.78841 9.96086 1
-5.50789 -4.18058 5.96513 1
-9.84911 0.45837 -8.55283 1
-7.30867 0.485694 -10.3666 1
-9.88396 -1.72319 -6.35586 1
-3.80708 -5.40544 -5.90317 1
-8.67985 -1.52952 -9.84795 1
-8.32796 -2.61196 -7.74374 1
-8.6024 0.1387 -5.74052 1
-6.35686 -2.5971 -5.95828 1
-5.2798 0.255195 -8.20612 1
-10.3763 -3.34609 -4.70499 1
-10.3864 -1.19509 -1.89387 1
-7.91331 -3.97473 -1.87125 1
-7.37246 -1.21983 -4.35052 1
-8.94625 -2.41026 -3.16941 1
-9.08906 -0.012319 -0.424202 1
-6.58709 -2.8562 -0.332816 1
-6.13191 -0.041951 -2.80515 1
-8.46892 -4.41532 3.48069 1
-8.01623 -1.56765 0.880507 1
-9.46541 -2.93033 2.03152 1
-9.3514 -0.544671 4.58131 1
-3.67813 0.034944 4.67205 1
-6.71983 -0.286572 2.24448 1
-9.29389 -3.38598 6.98682 1
-6.95873 -5.09869 7.45271 1
-6.25218 -2.10729 5.52656 1
-6.81186 -5.22165 10.5048 1
-6.19209 -0.75772 7.47846 1
-8.71419 -3.90281 10.0176 1
-6.69685 4.12796 -9.41646 1
-10.7306 7.00297 -5.78714 1
-4.56393 3.74645 -0.90994 1
-4.30814 4.38007 -10.2675 1
-7.54342 0.966813 -7.77125 1
-8.86373 6.10627 -7.43745 1
-5.94369 4.58869 -5.71477 1
-6.64035 6.38125 -7.25588 1
-9.91469 1.50461 -4.40978 1
-10.1042 3.77313 -1.44155 1
-7.50299 1.3175 -1.5262 1
-7.67542 4.41838 -4.17042 1
-8.67763 2.73197 -2.90384 1
-8.98872 5.27575 -0.140996 1
-6.30305 2.60125 -0.001607 1
-4.21758 3.05366 -5.36399 1
-10.508 1.18873 0.953985 1
-9.9382 8.32531 2.31796 1
-7.87878 1.01841 3.7063 1
-7.70606 3.96255 1.26747 1
-9.03404 2.37233 2.2742 1
-8.72397 5.2319 5.63751 1
-6.37413 2.18097 5.09372 1
-6.53106 5.25516 2.80111 1
-10.4871 0.700592 6.08088 1
-9.59732 3.12585 9.86891 1
-7.01319 0.38166 9.36085 1
-7.47889 3.56395 6.52554 1
-9.28752 0.836287 9.47245 1
-5.88941 2.06954 10.5161 1
-5.73866 4.42973 7.69096 1
-10.4238 6.14716 -10.0756 1
-10.4189 9.53844 -7.84925 1
-9.14813 4.39114 -9.06478 1
-9.32786 7.83939 -8.89734 1
-9.03302 -10.779 -6.59273 1
-6.03055 8.2822 -6.00075 1
-9.91352 8.78196 -4.53624 1
-7.92696 6.99678 -1.27152 1
-7.76986 9.61949 -5.08706 1
-6.19117 -10.7485 -1.38976 1
-8.32787 9.43718 -1.12585 1
-6.47216 7.71939 0.354986 1
-10.4476 6.3411 1.23165 1
-9.55624 8.38808 4.64814 1
-7.65622 6.86117 4.21511 1
-8.04568 9.18277 1.35332 1
-6.81306 9.2329 3.38617 1
-8.29168 9.65392 6.51298 1
-6.00876 7.06454 5.84484 1
-4.87271 9.80475 1.96274 1
-10.1488 5.97833 7.27371 1
-8.62963 6.85545 -10.6451 1
-7.0467 8.00075 7.67933 1
-8.59538 6.79979 8.76775 1
-5.02797 9.29723 -0.325523 1
-7.89115 -10.6969 4.45761 1
-10.2109 -10.7451 6.98239 1
-2.66031 -9.84992 -6.92024 1
-0.267081 -10.0254 1.64779 1
-3.13349 -10.4358 2.06623 1
-5.51047 -10.2229 -9.27073 1
-5.16118 -6.85886 -7.21785 1
-3.16958 -7.4058 -10.0496 1
-4.0817 -8.68207 -8.26344 1
-4.78233 -7.86891 -3.76509 1
-1.31748 -8.39776 -5.7492 1
-1.63807 -1.43251 -9.76195 1
-2.01045 -9.96652 -2.19545 1
-5.50299 -6.63233 -1.98036 1
0.596663 -8.56937 6.32828 1
-2.81844 -7.02898 -4.62791 1
-4.25718 -5.61212 -0.351093 1
3.83794 -5.44366 3.47266 1
-1.52998 -6.11632 -3.02587 1
-6.39388 -7.89485 2.8781 1
-0.832481 -7.91036 3.80138 1
-3.09436 -6.69704 1.27107 1
-4.16838 -8.39038 2.40344 1
-1.5345 -5.69095 4.70759 1
-1.07664 -7.0205 6.64637 1
-1.05762 -6.862 0.280308 1
-6.00553 -7.90003 6.6473 1
-3.84585 -6.26143 9.27582 1
-1.90032 -9.33148 9.50466 1
-4.07321 -6.81815 5.86756 1
-2.76333 -7.80264 7.96179 1
-0.443117 -8.17751 -10.8575 1
0.0812962 -5.53061 7.90982 1
0.571094 0.981953 -9.24977 1
-4.98302 -3.74099 -9.78825 1
-4.59827 -1.44977 -6.87972 1
-2.18251 -4.07202 -6.83171 1
-1.98885 -3.89793 -10.0544 1
-3.35005 -2.75595 -8.34819 1
-3.39159 -0.33005 -5.23798 1
-0.95692 -2.94916 -5.21288 1
-0.674261 -0.372881 -7.87916 1
-5.01819 -3.94703 -4.49886 1
-4.99335 -1.54752 -1.4266 1
-2.64619 -4.61222 -1.63918 1
-2.15768 -1.59618 -3.82112 1
-3.71347 -2.92553 -2.81069 1
-3.68219 -0.292018 0.081472 1
-0.520196 -4.42833 -0.60725 1
-0.898667 -0.262571 -2.39308 1
-5.38484 -4.19184 1.09614 1
-5.30859 -1.36346 3.59581 1
-3.08992 -5.19303 3.02118 1
-2.36003 -1.48162 1.60062 1
-3.83727 -2.95987 2.60762 1
1.19141 6.02937 9.96676 1
-0.042307 -3.9438 4.60577 1
-0.543919 -0.538578 3.1085 1
-3.27703 1.92721 7.8969 1
-0.46444 -0.85105 6.98653 1
-2.99503 -2.50552 4.92138 1
-3.17522 -4.52628 6.16322 1
-3.12491 -0.7448 10.6098 1
0.0396645 0.445908 9.68993 1
-5.98984 -2.93845 10.458 1
-2.60179 5.98497 -9.92105 1
-2.65828 3.12392 -9.13209 1
-6.20261 2.95425 -7.51859 1
-2.31803 3.70076 -4.10968 1
-2.02023 0.934228 -6.56088 1
-3.89117 2.04979 -7.52413 1
-4.3831 6.42898 -5.40636 1
-0.79611 2.36125 -5.2522 1
-1.50044 4.90513 -8.15295 1
-4.55516 1.18854 -3.93521 1
-4.07192 1.83988 3.09474 1
-2.21353 1.09771 -1.00382 1
-1.3472 5.57539 -3.03491 1
-3.36843 2.49528 -2.38486 1
-3.49534 5.27307 0.410742 1
-2.508 6.09039 5.91168 1
0.585033 3.90873 -0.104994 1
-5.16948 1.03946 1.24707 1
-4.52202 3.37998 9.24518 1
-1.50727 1.10943 4.37121 1
-2.98718 4.65284 2.65969 1
-1.9138 2.638 2.64095 1
-5.02123 3.89451 3.97594 1
-0.213542 1.45227 6.31803 1
-2.04081 6.48427 3.72661 1
-4.86698 0.916782 6.43452 1
-2.09021 -0.019057 8.61572 1
-1.18234 3.08247 7.6496 1
-3.49322 5.05116 10.5243 1
-0.57032 2.72975 9.89357 1
-5.53669 6.4132 -9.34114 1
-4.01893 9.25487 -6.7695 1
-2.45538 6.61379 -6.85073 1
-3.58978 7.69871 -8.63388 1
-2.63446 -10.8185 -7.81721 1
-0.794725 8.00287 -5.82979 1
-0.345729 9.63971 -10.2878 1
-3.24611 6.9605 -3.49268 1
-3.62873 8.00435 2.88917 1
-2.02014 6.58037 -0.85271 1
-2.81031 10.0773 -3.0339 1
-3.36722 8.37451 -1.57863 1
-0.416624 7.60344 0.461789 1
-0.744509 -10.7667 -2.70684 1
-5.0192 6.53634 1.63172 1
-4.90722 8.7155 4.75689 1
4.32349 4.31868 8.30601 1
-1.72134 8.84954 1.87294 1
-2.04156 8.01412 7.09436 1
-4.12536 9.97147 6.51926 1
0.0547114 7.42722 4.09751 1
-0.94851 -10.7697 2.39255 1
-4.62069 5.24834 5.89211 1
-5.81288 9.10117 9.32954 1
-2.44587 7.11051 9.90077 1
-0.597921 5.23772 6.94306 1
-3.5727 8.92643 8.74938 1
-0.021813 9.72694 4.24179 1
-0.49721 6.95109 8.62366 1
-0.758356 -10.8259 7.61286 1
-2.5104 9.49173 -9.66085 1
-2.73378 8.80504 -4.916 1
-1.8669 10.058 5.75678 1
-2.90687 10.681 10.2131 1
-7.27203 -10.82 8.47522 1
4.79446 -9.48215 -8.33018 1
6.47312 -10.4313 -4.4947 1
8.67952 -9.11694 -1.3126 1
8.46304 -7.12703 -9.06239 1
-1.15353 -6.03315 -9.71425 1
0.259917 -6.90216 -6.59235 1
2.48468 -9.70392 -5.79785 1
3.40271 -7.55506 -8.71337 1
1.73124 -8.33546 -7.45979 1
1.59039 -5.66095 -5.17549 1
3.90866 -8.20862 -4.53514 1
4.39808 -5.7949 -7.63352 1
0.308472 -9.82852 -4.92376 1
5.54669 -7.11447 0.062272 1
2.85973 -6.43192 -3.45095 1
4.74231 -9.35353 0.253538 1
4.81449 -3.31286 3.33743 1
2.97226 -9.0778 1.83647 1
3.51172 -4.49859 -2.10802 1
1.12459 -8.61219 -0.65535 1
2.9826 -4.90881 1.40243 1
3.46243 -9.69762 4.09124 1
0.802052 -7.91295 1.77103 1
1.6262 -7.89477 4.29257 1
2.5565 -5.93429 5.26163 1
4.91908 -8.53835 5.51558 1
4.63938 -7.2821 2.31704 1
0.944395 -6.92523 9.50005 1
3.15402 -9.92682 9.35549 1
3.6788 -7.09905 6.86118 1
2.11267 -8.31524 8.06906 1
2.20839 -5.73877 -10.7818 1
4.63559 -5.75456 8.44116 1
4.45568 -8.68558 10.8085 1
-0.313052 -5.05042 -7.82248 1
0.565462 -1.75218 -6.4803 1
2.99063 -4.36446 -6.48315 1
3.04657 -2.05699 -9.18451 1
1.48552 -3.35958 -7.88655 1
2.69699 -1.21974 0.541268 1
4.06328 -2.63457 -5.31202 1
4.59359 -0.69606 -8.05483 1
-0.031414 -4.64942 -3.99466 1
0.518569 -1.03899 -0.505898 1
1.11461 -3.85685 -2.21704 1
2.36385 -0.94022 -5.14826 1
2.80315 -2.72014 2.225 1
5.00225 4.69734 6.14402 1
1.34853 -1.52463 -2.79279 1
2.34612 0.773701 -3.14338 1
0.801314 -5.52701 1.19695 1
-0.862482 -1.87061 4.97086 1
6.42881 -3.62174 5.19896 1
0.637002 -3.55361 2.49224 1
8.029 -0.154937 5.19591 1
3.09909 -0.468515 7.11605 1
5.81559 -1.31453 4.33484 1
-0.573643 -2.57808 0.759489 1
1.31834 -4.29754 6.39907 1
3.55271 -4.27077 9.87224 1
1.47333 -2.16683 7.34922 1
2.50065 -2.28518 9.4381 1
4.29424 -0.81163 9.10357 1
5.06964 -3.1924 -10.492 1
2.06725 8.4502 -8.17501 1
3.45551 3.43158 -9.1486 1
1.18985 3.17044 -6.06702 1
3.40871 0.676129 -6.64358 1
2.8001 2.60291 -4.52 1
2.05433 2.10527 -7.90326 1
1.35499 5.41717 -6.01939 1
4.89139 2.17155 -5.4454 1
4.74387 5.00676 -7.94368 1
0.0963431 1.66782 -3.23791 1
2.30228 2.31712 -0.98932 1
4.35387 6.47523 2.94309 1
0.859193 1.05026 0.429758 1
-1.01673 2.31897 0.591946 1
8.04747 9.93094 1.70991 1
4.91456 1.47054 1.70068 1
0.161698 3.88528 -2.36557 1
1.63413 0.256119 2.46224 1
4.37085 0.14387 5.35782 1
3.77398 0.7689 -0.094194 1
3.44719 1.4171 3.57632 1
3.52778 6.19091 5.15945 1
6.35496 1.39725 5.88731 1
5.74433 4.64186 3.0245 1
1.56555 1.10574 7.86284 1
3.81108 1.11109 10.2277 1
2.78081 2.73796 9.0108 1
4.42734 8.29438 5.49776 1
1.41222 -1.25121 -10.5231 1
3.65361 9.39721 -9.49991 1
2.33043 5.4708 -9.53895 1
0.679466 9.55625 -6.71503 1
2.89629 6.4491 -7.37644 1
6.26884 -10.5011 -4.19663 1
2.32203 10.6642 -5.46175 1
4.55898 7.51583 -5.93354 1
5.23699 10.3412 -8.13808 1
0.265178 6.60824 -4.3952 1
1.16778 9.67165 -2.21769 1
3.54218 6.0146 -2.81513 1
3.39033 8.88608 -4.53689 1
1.91614 7.68523 -3.25766 1
0.939041 9.46477 0.010947 1
4.6812 6.38107 -0.86406 1
4.74646 9.94719 -3.04821 1
1.11711 5.92165 0.829829 1
5.06114 8.74873 3.32552 1
3.27984 6.73536 0.945678 1
2.90912 8.99548 0.971248 1
1.80241 -10.8086 5.07166 1
6.58943 8.80366 6.15778 1
4.14949 10.5125 2.19584 1
1.24773 6.38568 5.79841 1
0.521522 9.14096 8.6435 1
1.35462 3.80045 10.4416 1
3.31603 6.38117 9.01542 1
2.12412 7.82185 7.4839 1
2.05765 9.98808 10.2484 1
2.9154 -10.5021 -2.35164 1
10.4626 -8.50622 0.000516 1
9.58147 -8.65291 -10.3039 1
7.68256 0.857241 -7.73672 1
5.31601 -6.81908 -5.8007 1
9.56255 -8.80429 -6.41475 1
7.70232 -3.58222 -5.76101 1
6.59977 -5.32698 -4.65016 1
9.84382 -9.54326 -4.35652 1
10.0183 -5.90862 -8.00285 1
5.25057 -9.29178 -3.04599 1
7.56773 -6.01939 0.352863 1
9.97358 -3.32533 -0.52196 1
7.82666 -6.24971 -2.94306 1
6.66439 -7.97018 -1.81568 1
7.89644 -4.86617 2.39347 1
9.604 -7.7454 -2.96661 1
6.39392 -10.3504 1.46658 1
6.27687 -7.56217 3.92424 1
8.80081 -10.2716 4.0749 1
8.98986 -7.50881 1.37141 1
7.69937 -8.88839 2.67972 1
7.38505 -5.61517 4.51632 1
10.1392 -5.73535 2.28547 1
6.09289 -9.92002 6.87872 1
5.81042 -7.28266 9.653 1
8.44375 -9.87722 9.75833 1
9.10119 -6.0601 5.95673 1
7.23846 -8.52958 8.36399 1
7.03575 -5.95986 -10.6832 1
9.68182 -8.43349 -10.654 1
8.7204 -6.75658 8.07774 1
5.73483 -4.61794 -9.08565 1
5.93394 -1.68968 -6.35622 1
8.47006 -1.90366 -9.32918 1
7.06649 -3.10277 -8.00017 1
6.81614 0.438062 -5.61147 1
10.1455 -3.0988 -5.33029 1
9.67194 -0.350635 -8.11695 1
5.13952 -3.79564 -3.60908 1
3.35535 -2.07508 -1.61297 1
8.18768 -4.57123 -1.36742 1
8.48298 -2.04702 -3.96642 1
6.96863 -2.91648 -2.48761 1
6.51604 -1.00299 -1.35912 1
9.79037 -0.307988 -3.03269 1
4.60495 -5.03038 -0.139057 1
10.4465 -4.44791 10.2852 1
6.71312 -1.74692 0.777674 1
5.99652 -3.78078 1.38157 1
7.67231 2.21586 7.66695 1
8.33788 2.70344 1.28695 1
6.30447 -1.63624 10.0243 1
8.35412 -4.8993 9.46682 1
8.03214 -2.32376 6.27871 1
7.71857 -2.81309 8.62569 1
7.58463 0.238487 10.8598 1
9.71828 -1.57799 8.56328 1
6.01859 0.615851 -9.38125 1
5.54291 4.33299 -5.90382 1
9.0038 0.885488 -4.90382 1
2.48809 4.01037 -2.75789 1
10.7313 6.6268 -1.68664 1
9.99942 5.08328 0.682225 1
5.8791 1.32959 -3.44403 1
4.54218 -0.060782 -2.14283 1
8.21418 0.56988 -1.5142 1
9.45131 4.23108 2.76991 1
7.18298 2.67843 -2.05671 1
6.27466 4.61666 -0.7712 1
8.75549 8.62901 -4.00758 1
6.30954 -0.20377 2.37094 1
5.05893 2.97326 4.58537 1
8.35938 0.728838 2.8625 1
10.2642 2.7663 -5.28192 1
7.35745 5.17679 5.91556 1
10.3627 0.67779 5.76121 1
6.31093 3.40038 9.23263 1
8.77441 0.544864 8.88932 1
8.91334 3.41303 6.02189 1
7.12077 5.25665 10.2666 1
5.89591 1.7809 -10.7993 1
6.06917 6.17716 -9.43077 1
6.29358 8.70479 -6.90981 1
9.00269 6.11292 -6.69537 1
8.93909 8.76378 -9.36428 1
7.64591 7.29697 -8.16126 1
7.63761 9.95744 -5.48215 1
10.1665 7.54547 -5.35928 1
10.3996 10.0165 -8.15471 1
5.42401 6.06777 -4.30603 1
5.73741 8.34782 -1.66254 1
8.3303 5.95349 -1.18151 1
8.8549 10.4424 -1.30484 1
7.22766 7.12694 -3.00537 1
6.82639 9.80872 -0.300231 1
10.163 9.04052 1.59323 1
10.4469 9.90242 -2.8755 1
6.13167 3.37001 1.19667 1
7.19259 9.43478 3.90033 1
7.75642 5.48197 3.68248 1
9.41218 8.25875 -0.479496 1
8.50929 7.61157 3.55381 1
5.50395 10.1456 7.83034 1
8.05522 7.15961 6.85416 1
6.36271 8.56605 9.4106 1
8.16009 6.99733 9.16856 1
7.58822 10.1545 10.4968 1
10.2272 7.54787 10.3069 1
10.1813 10.1813 7.46627 1
4.73068 7.39537 10.5364 1
3.15097 9.78934 6.67166 1
10.6856 -7.22256 9.32807 1
9.28811 0.494186 0.541545 1
8.98035 -1.77692 0.815429 1
10.4012 -2.68072 6.54197 1
10.5936 4.42512 -6.90898 1
9.93374 2.16694 3.91455 1
9.08623 3.53285 -0.89028 1
10.7886 8.0685 3.74987 1
9.9402 8.25183 6.04784 1
