V 5.43 5.43 5.43 4 4 4
O 5.587277 5.553794 5.571829
D 11.282948

9.61131 -4.49823 -6.39937 1
2.51024 -9.83856 -8.59145 1
6.29292 10.5891 -0.294348 1
-0.480508 10.4974 3.96521 1
3.26516 -9.92561 -0.066527 1
5.24151 -10.8356 5.41162 1
3.55159 -10.1763 8.76773 1
8.29291 -5.34888 10.3192 1
2.46122 -7.55785 -8.92727 1
2.38997 -10.4457 -10.8512 1
3.32876 -7.53801 10.7143 1
10.0357 -2.32415 -5.83701 1
5.02551 -9.023 10.3215 1
6.64647 -6.5466 -7.62459 1
7.72336 -4.46519 -7.80986 1
3.69199 -9.5811 -2.48015 1
2.21743 -4.3138 -6.24668 1
3.98056 -10.0055 -6.63586 1
6.86764 -1.73798 -8.65062 1
2.65489 -9.4551 -4.80896 1
2.64308 -7.52333 -1.77205 1
5.72743 -8.41938 -6.42207 1
5.45438 -5.6006 -5.68239 1
3.42218 -6.04886 -3.42891 1
4.21299 -6.19739 -0.478784 1
7.04128 -7.83238 -4.65009 1
2.26083 -9.93096 2.06805 1
2.30366 -0.650574 4.00739 1
4.48245 -8.06537 0.88722 1
3.33356 -8.03851 2.88453 1
2.46216 -5.08265 5.71309 1
4.3678 -8.54576 4.92154 1
6.62219 -5.7543 0.112185 1
1.66644 -9.58268 7.53825 1
2.15974 -7.01784 9.96916 1
5.07148 -5.1013 9.93126 1
3.7712 -6.80091 6.4009 1
4.07176 -6.80433 8.69333 1
0.64909 2.98321 9.24185 1
0.280219 -6.85556 -9.25876 1
1.16621 -0.817747 -7.04821 1
4.48217 -3.41193 -5.73732 1
4.82242 0.99494 -7.06233 1
3.32377 -3.44655 10.6036 1
2.53378 0.96383 -6.35921 1
6.82436 -5.68812 -3.72043 1
5.10923 -0.329704 -8.9329 1
1.69699 -4.52058 -3.86591 1
1.93072 -2.56739 -2.50812 1
5.09225 -4.72726 -2.30929 1
5.14579 -0.943289 -2.7521 1
4.14053 -2.85983 -3.4603 1
2.5203 -1.07381 -0.711774 1
5.5742 -3.50498 -0.022864 1
6.31019 -1.50795 -0.914763 1
2.75699 -4.83 0.65792 1
0.294897 0.38939 6.43958 1
3.59692 -3.07344 5.024 1
3.50858 -2.59554 0.85833 1
2.27661 -2.75912 2.90142 1
1.37622 8.02887 4.05216 1
2.55391 -0.668021 7.95679 1
4.67113 -0.950858 1.97223 1
2.05156 -4.24153 7.89576 1
2.65988 0.69734 6.05935 1
-0.030496 -3.47176 7.59114 1
8.26208 4.22561 6.52247 1
0.287789 -1.32628 8.25892 1
1.9754 -0.075852 -10.417 1
-0.456784 2.62744 -4.68157 1
2.03549 3.22211 -6.79648 1
5.18059 1.53016 -10.2957 1
4.10287 9.30278 -3.63107 1
5.24862 4.24988 -6.08754 1
7.29273 9.02443 10.2534 1
1.13925 0.90651 -4.3967 1
1.2372 3.21306 -1.80897 1
3.79778 0.62856 -1.76512 1
3.40408 3.43526 -4.87939 1
2.6536 2.02236 -3.13399 1
2.25648 4.79018 -0.557155 1
4.87375 2.023 -0.261671 1
3.69172 5.56373 -4.0101 1
0.753493 -0.010219 0.33843 1
0.88198 3.92044 3.44808 1
1.72764 2.80459 5.61811 1
3.66855 3.62477 0.8587 1
1.60948 2.70213 1.60548 1
1.70382 5.75583 4.67082 1
4.75043 3.08863 4.419 1
5.44164 5.2941 1.54927 1
-0.794085 1.6413 8.10088 1
-2.12695 3.27657 7.25753 1
3.87588 5.19588 4.87169 1
6.61158 9.15118 4.64673 1
4.06253 7.15138 -9.67415 1
8.30352 4.78178 -7.21039 1
1.54681 8.92317 -7.03141 1
4.78827 5.5185 -8.11153 1
5.274 8.48054 -5.53294 1
6.77404 6.52911 -7.10276 1
1.44683 6.28606 -4.21143 1
3.58215 6.09618 -1.78257 1
3.23949 10.0244 -5.80138 1
2.4879 7.93397 -2.73272 1
5.13674 6.73995 -0.286779 1
0.227141 5.73561 -0.022957 1
-0.0730515 8.41445 2.32154 1
4.62331 6.61071 3.25312 1
1.78894 8.78111 -0.736051 1
3.69273 8.42368 0.49656 1
4.01305 8.79283 2.74459 1
4.72956 9.26044 5.87039 1
0.518471 6.06553 6.67958 1
1.13722 8.95327 9.40846 1
4.3282 5.77919 9.27879 1
2.8169 9.71185 4.64193 1
5.49296 7.612 10.0551 1
0.56878 9.50415 -10.4105 1
7.167 10.5683 2.92939 1
-6.11566 -8.87687 1.83579 1
8.02798 -10.2469 -8.77819 1
7.55332 -10.6913 5.13394 1
10.2812 -8.00011 5.44327 1
10.0508 10.718 7.72425 1
9.55728 -6.51411 -9.96456 1
4.61169 10.4765 -10.8107 1
10.0379 -8.6376 -7.27123 1
7.01285 -10.4446 -6.67749 1
8.32135 -7.8886 -8.61738 1
9.40405 -8.18454 -5.0844 1
8.50134 -10.6606 -4.89489 1
5.76592 -10.5675 -2.43724 1
7.5367 -9.43323 -3.1434 1
10.2957 -5.51559 2.10082 1
9.34156 -9.24362 0.197203 1
8.02161 -6.166 -1.67383 1
7.29181 -9.64166 1.2032 1
6.42115 -7.62081 4.2186 1
6.55712 -7.59155 1.8574 1
7.0999 -5.44765 4.42675 1
5.27714 -8.68237 8.76052 1
7.64435 -6.2393 8.05232 1
8.72594 -9.71837 9.09625 1
8.04007 -8.54067 5.57592 1
10.207 -4.76382 6.80522 1
5.7807 3.72879 -9.48861 1
2.78145 -2.36976 -7.45197 1
7.95303 -1.94586 -4.94538 1
8.33362 -0.231856 -9.58378 1
7.76212 -3.46806 -10.0904 1
8.27879 0.306773 -5.06271 1
10.5467 -0.895195 -9.39215 1
6.58388 -2.79465 -6.57383 1
8.49987 -1.793 -1.13732 1
8.76443 1.32116 -3.16759 1
9.0541 -2.89749 -2.97235 1
9.33177 0.280741 -1.28373 1
7.19193 -3.18199 1.80764 1
4.74017 -1.0368 4.2498 1
7.94703 -5.37592 2.22664 1
8.12039 1.22129 0.46121 1
9.09804 -2.1375 1.04286 1
6.88205 -1.81294 3.66861 1
10.3315 -1.44924 5.22238 1
9.82133 0.187231 1.77756 1
3.59608 -2.60884 7.41123 1
5.2332 -3.02239 8.92825 1
10.2613 -1.14812 8.35759 1
8.19737 -2.3872 5.46487 1
7.34738 -3.04334 8.16476 1
8.65486 -3.79632 9.86436 1
8.07303 -0.961198 7.47963 1
7.33188 4.93963 -10.8041 1
3.5924 3.98449 -10.2946 1
6.53727 2.8297 -7.40887 1
9.57847 1.14753 -6.7171 1
8.91176 3.30233 -10.1057 1
8.29245 1.7673 -8.50385 1
10.1468 4.7298 -8.81318 1
6.96697 2.95367 -0.606818 1
7.72613 3.21232 -2.70262 1
9.8401 4.80587 -5.43869 1
9.07625 4.89929 -3.29728 1
9.16625 6.48887 -0.115728 1
6.0363 0.203847 0.61288 1
6.37461 3.67517 2.9821 1
8.19441 0.072029 3.46313 1
4.88649 1.02485 5.44586 1
8.59947 6.47566 3.54289 1
8.91001 0.51032 5.59993 1
6.77376 1.00731 6.70515 1
7.981 0.63613 9.32946 1
6.55739 9.36907 9.01207 1
7.51197 2.71957 8.20316 1
8.88425 5.97175 9.67746 1
6.20273 7.15636 -10.624 1
7.24206 8.92779 -6.8418 1
7.5343 6.54684 -3.45467 1
9.43497 8.30802 10.3645 1
9.9222 9.75355 -9.50836 1
8.01146 10.184 -4.95231 1
9.60782 9.46465 -7.27446 1
5.77912 6.28209 -4.90588 1
7.15409 7.08038 -1.26803 1
10.4411 4.97932 -1.3861 1
8.47366 8.66867 -3.3295 1
7.22055 9.39595 -1.34068 1
10.5636 9.26162 -2.57958 1
7.50984 6.62964 1.58029 1
6.02781 9.88135 2.48853 1
10.5492 7.68456 3.33224 1
7.45105 8.91773 1.00335 1
10.1305 9.32644 5.05465 1
9.64543 10.0274 1.08172 1
8.29762 7.7188 5.43691 1
9.02743 6.36849 7.34181 1
10.5402 8.52597 7.2868 1
9.12121 -5.7927 -4.59055 1
8.94555 -8.27002 -1.80638 1
9.9203 -5.01803 -2.4964 1
8.17678 4.36371 4.14724 1
9.8598 2.5559 5.93962 1
10.1731 3.34321 3.85849 1
8.88665 3.69843 9.83896 1
7.35689 -8.46138 7.78407 1
-9.23722 -5.92913 9.0237 1
10.7898 6.29197 -9.65015 1
10.7979 3.85748 -6.47718 1
-8.82404 -10.5299 8.51055 1
-8.61552 -4.21347 -4.04602 1
10.7796 -7.19536 8.22236 1
-6.80937 -2.60422 -3.83785 1
-7.97303 1.50671 -9.65902 1
-7.61053 -3.03069 -1.57256 1
-9.8688 -3.19473 -2.25981 1
-7.17455 -9.55425 5.31469 1
-7.5966 -6.10065 4.96465 1
-9.75184 -0.549033 5.7298 1
-7.16874 4.5835 -7.25646 1
-9.77068 5.0732 -2.63145 1
-9.85561 1.81226 -6.63669 1
-10.7786 4.1309 -8.91342 1
-8.4284 -1.8291 -7.33409 1
-9.50981 2.34221 -0.395612 1
-9.04309 1.6737 3.38541 1
-7.48029 3.7312 7.28071 1
-6.50964 8.9901 -3.84772 1
-9.6613 7.4728 -6.04249 1
10.7882 7.57692 5.35216 1
-6.61072 -8.4252 -6.07516 1
-4.48354 -5.8275 -5.20016 1
-2.45769 -8.15224 -2.2936 1
-10.0392 -10.6693 1.75964 1
-10.3647 10.2516 7.09913 1
-4.11651 -9.96142 1.0615 1
2.34852 -6.46822 -6.9331 1
-10.1813 -10.1813 -10.1813 1
-10.0114 -7.20606 -7.81669 1
-4.39611 -8.19175 -5.44996 1
-3.04423 -8.16359 -9.73591 1
-8.90998 -8.831 -8.92376 1
-4.30528 -2.18855 -4.50849 1
-3.55693 -3.82511 -6.02569 1
-4.71643 -6.6173 -8.90087 1
-10.0308 -9.79194 -5.16426 1
-8.70183 -6.44257 -3.25325 1
-7.20658 -10.2137 -3.32368 1
-8.33046 -5.7555 -7.22517 1
-8.23787 -8.43831 -4.4123 1
-10.778 -6.62802 -2.28982 1
-5.19736 -7.4818 -1.65933 1
-4.01294 -4.26433 -1.50416 1
-9.42285 -9.50126 -0.14896 1
-9.06718 -9.50652 3.79517 1
-7.85461 -7.96263 0.34167 1
-8.54471 -6.30955 1.71506 1
-6.18859 -7.9054 4.06841 1
-5.09804 -7.0904 0.67694 1
-10.7505 -10.1612 5.31118 1
-6.46377 -7.50782 8.60231 1
-7.47032 -9.13442 7.46311 1
-7.43782 -2.91079 7.90352 1
-6.39351 -5.86507 7.04439 1
1.949 -4.81256 10.1462 1
-7.46468 -9.87798 -7.57465 1
-2.47053 -2.07501 -9.41568 1
-10.6756 -1.66247 -7.86469 1
-7.67081 -1.00098 -5.36475 1
-6.08511 -6.36272 -7.01894 1
-6.34598 -1.77011 -10.4866 1
-7.06387 -0.391737 -8.62662 1
-6.33831 0.88316 0.53285 1
-2.35375 -0.754607 -4.54393 1
-4.36741 -0.795501 -9.6087 1
-9.14223 -3.89296 -6.26145 1
-5.85193 -2.07085 1.91241 1
-6.23558 -4.66643 -0.791714 1
-4.89043 5.76119 4.16534 1
-5.94378 -0.836672 -2.51043 1
-2.62958 -0.699776 1.41717 1
-6.17696 -5.17736 1.51188 1
-5.46866 -0.384629 -5.47349 1
-10.0007 -1.69968 -0.352042 1
-9.8664 -1.87775 2.87392 1
-4.78982 -4.30282 6.79192 1
-7.30564 -4.3835 3.49368 1
-9.17001 -4.02293 2.06971 1
-8.20732 -0.52014 3.98607 1
-5.84206 -2.1963 6.2532 1
-5.54149 2.97638 -0.050557 1
-8.54277 -4.8167 7.07707 1
-7.43293 0.166 8.7908 1
-10.5159 -3.72237 6.38059 1
-9.5423 0.56118 10.7431 1
-8.74807 3.0386 -8.2403 1
-7.27295 2.37009 -3.96441 1
-6.86366 3.14429 10.8355 1
-6.0013 3.70267 -5.43611 1
-4.45122 7.97053 -6.03991 1
-4.11863 2.76148 -6.6726 1
-6.18822 4.84251 -9.46701 1
-8.79625 0.92193 -4.86046 1
-8.44068 3.31128 -2.21273 1
-7.42361 -0.483955 -0.899717 1
-4.40802 3.79175 -1.90137 1
-10.5401 0.55906 -3.44526 1
-8.11021 6.20613 -0.236839 1
-3.50661 1.95783 -2.85475 1
-5.79285 7.09913 -2.57505 1
-9.51535 0.312219 -1.40604 1
-6.16044 0.192309 2.77681 1
-7.15793 4.48408 1.08255 1
-8.10199 2.31184 1.36889 1
-7.38124 5.15056 4.73434 1
-5.93852 1.70435 4.63999 1
-5.05761 5.09258 1.87743 1
-10.2743 2.46562 7.9963 1
-9.03515 -1.29296 7.82248 1
-7.83346 2.91776 5.00591 1
-9.10586 1.51418 6.31274 1
-8.22577 2.38181 8.95992 1
-5.54381 4.70415 7.7994 1
-6.72712 7.01992 -10.718 1
-6.38936 6.89079 -6.94971 1
-7.5918 7.2351 -4.95979 1
-4.52941 5.98264 -8.18556 1
-7.51656 7.97081 -8.7061 1
-9.86004 7.86493 -8.32975 1
-8.87537 9.69185 -5.86673 1
-4.38301 9.51315 -4.31768 1
-9.18525 5.30046 -6.44986 1
-8.2027 6.80853 -2.63976 1
-9.30553 8.82597 -2.2575 1
-8.65281 10.1406 -0.450537 1
-6.0288 7.33276 -0.322872 1
-10.6264 5.94673 -0.565647 1
-7.95715 6.11778 2.67896 1
-6.65374 9.39905 0.33022 1
-9.67394 7.24166 1.52397 1
-6.09185 9.60455 2.48787 1
-6.56466 7.73616 3.66834 1
-10.3587 6.03211 6.93039 1
-10.3152 6.89605 9.15063 1
-8.08842 5.99925 6.94017 1
-7.11677 7.93195 5.9196 1
-9.17722 8.99481 5.93741 1
-6.91387 8.67126 10.0531 1
-5.77485 5.65281 9.87186 1
-3.45695 9.95975 9.52496 1
-7.86577 6.69694 9.30627 1
-1.67667 10.1543 -10.2305 1
-9.81416 9.74165 1.47339 1
-5.48814 9.63755 8.54572 1
10.7126 9.10087 9.22499 1
7.96004 -4.58122 6.39961 1
-8.4176 10.7451 -1.55973 1
3.77166 -7.32089 -5.3582 1
-7.28191 -10.7904 2.68145 1
-2.59727 -10.7449 2.81964 1
0.398099 -9.73942 -5.34943 1
-1.12686 -10.3406 -3.70336 1
-4.10912 -7.37748 4.67516 1
-1.93919 -9.71782 6.67487 1
-0.555187 -7.43969 3.91185 1
-2.39381 -8.97195 4.5787 1
-0.943534 -0.857441 -10.5699 1
0.281881 -10.288 -8.70812 1
-3.43766 -9.62745 -3.94687 1
10.1031 -2.98509 -10.2369 1
-0.738421 -8.76831 -10.1402 1
-0.055789 -6.38552 -6.9379 1
-1.94999 -4.93016 -7.37637 1
-7.276 -6.62405 -1.48044 1
-3.60594 -6.12252 -2.97106 1
-5.17641 -9.68016 -2.38397 1
-0.595895 -7.59127 -5.06124 1
-0.224901 -8.25046 -2.71472 1
0.112123 -3.66108 2.49821 1
-0.580294 -9.63456 0.55195 1
0.720261 -6.09889 -2.33837 1
-4.8392 10.4006 -0.738821 1
-2.91851 -6.663 1.0987 1
-2.50321 -3.12577 4.94443 1
-2.51899 -8.60169 -0.029141 1
-2.8813 -4.48753 0.51078 1
-2.4709 -6.37213 3.25516 1
2.32812 -9.59873 5.37053 1
-0.331519 -3.55816 5.38291 1
-3.90992 -4.87718 4.61627 1
-0.470261 -10.6627 9.44826 1
0.219849 -1.37936 4.86302 1
-0.475431 -8.69401 8.16254 1
0.665798 -5.38921 4.14881 1
-0.230532 -4.92914 -10.3894 1
3.02671 1.87069 10.6691 1
-4.10561 -5.1613 -10.6693 1
-1.64952 -1.22926 -2.31197 1
-2.31129 -2.0475 -7.14588 1
-2.72142 4.43303 -10.4645 1
-2.25526 -4.31417 -9.60455 1
-2.68413 0.23191 -6.82916 1
-0.199054 -4.2358 -5.54235 1
3.39005 -1.71961 -9.54768 1
-1.23117 -5.46611 -3.63523 1
-7.93408 -2.43899 0.74368 1
-0.702606 -3.63801 0.228496 1
-0.425121 -1.89842 -5.70814 1
-1.70158 -3.70086 -2.03965 1
-5.44734 1.02946 -3.63643 1
1.16418 -4.29875 -0.91421 1
0.383145 -1.16456 -3.60126 1
-4.24427 -3.80555 2.33962 1
-6.69629 -2.33283 4.1394 1
-2.02458 -2.61115 2.78779 1
-1.30493 -0.21561 3.50495 1
-4.59495 -0.929258 0.213635 1
-3.17107 0.63715 4.90308 1
0.98491 0.62902 2.58083 1
-3.59911 -1.44029 5.96187 1
-5.07819 -0.081206 8.74963 1
-1.51004 -4.34962 9.05121 1
-3.40701 -1.53269 8.21978 1
-3.71855 -3.74859 8.84037 1
-1.66854 -0.307642 9.04151 1
2.51625 4.72934 -8.43452 1
-3.83385 1.11014 -10.7256 1
-3.14439 4.93861 -6.71294 1
0.230464 0.20237 -8.89506 1
-1.29117 5.91774 -9.32614 1
-3.13313 2.61249 -9.10792 1
-0.933196 5.49635 -7.09815 1
-1.84485 1.01267 -1.57164 1
-4.94822 0.41939 -7.56154 1
-5.17595 5.09083 -3.65 1
-4.00592 -1.92233 -1.91541 1
-0.206901 3.33666 -6.80821 1
-2.58518 1.80958 -4.93339 1
-2.88001 4.93843 -0.668112 1
-0.141729 2.1395 -0.279209 1
0.159939 4.46959 -3.3751 1
-3.91407 0.78789 2.67009 1
-3.89275 2.96964 1.7349 1
-1.00621 -1.34715 -0.053973 1
-1.82473 3.50458 0.81928 1
-4.3963 3.30279 4.06536 1
-2.51677 5.35613 4.91184 1
-0.270041 1.91638 4.46608 1
-0.583526 5.01661 2.04728 1
-6.94461 0.014704 6.26041 1
-4.15389 2.96179 8.10836 1
-2.29957 2.91185 5.01763 1
-4.7492 1.16064 6.74586 1
-1.5369 6.03045 9.41196 1
1.4724 4.1057 7.43661 1
-5.49045 8.98355 10.7415 1
-1.27512 1.71127 -8.03602 1
1.94771 8.10309 -9.13285 1
-4.58692 5.80282 10.622 1
-3.79462 8.8856 -8.02632 1
0.96866 6.05289 -9.64267 1
-3.20734 7.28597 -9.68292 1
0.328866 7.22863 -5.98812 1
-3.58046 6.17086 -4.87782 1
-3.68911 8.33609 -2.38655 1
-1.16784 5.67442 -1.96959 1
-0.962551 8.66572 -4.76095 1
-2.09113 7.17039 -3.46483 1
-2.6269 10.1944 0.86617 1
-0.159454 7.95494 0.08717 1
-3.96697 6.66223 0.54493 1
-3.87742 9.71915 2.80007 1
-1.45548 6.74927 3.33344 1
-2.48631 8.28439 -0.356472 1
-3.55526 7.42314 2.76813 1
-0.558694 7.7273 5.34118 1
-5.27039 6.47751 6.35391 1
-3.73776 6.75306 9.55956 1
-1.67704 5.56512 7.13698 1
-2.31101 8.96019 6.21203 1
-3.37932 7.23418 7.28541 1
-5.86975 9.78215 -8.77072 1
-8.8197 10.4018 -6.42013 1
1.04482 -9.50366 -1.08849 1
-9.24451 -7.21095 3.72603 1
0.150339 -9.30981 2.70803 1
2.30024 -6.00197 2.59477 1
