V 5.43 5.43 5.43 4 4 4
O 5.592114 5.562326 5.573020
D 14.2926

-8.76204 -6.26063 -9.88601 1
-2.14876 5.63546 -8.84003 1
-7.53366 8.48451 9.86692 1
-9.52599 -5.3043 0.844302 1
-8.40793 5.67662 -3.29589 1
-7.18335 -3.40529 -6.75945 1
-9.51261 -3.06845 -0.0527662 1
-9.46959 -6.12557 4.79812 1
-5.5191 -7.70269 6.02271 1
-2.41997 -9.32366 9.98842 1
-2.05451 -5.83711 -7.48889 1
-10.3232 -5.82594 -4.28168 1
-4.92877 -4.90764 -4.567 1
-8.54935 -4.75736 -5.35062 1
-8.73397 -1.63092 -4.22426 1
-8.83441 -3.1219 -2.33559 1
-8.35384 -6.96836 -0.210893 1
-7.57659 -7.94815 7.03904 1
-9.73418 0.85149 0.991261 1
-10.5873 -3.50092 3.23088 1
-9.61923 -5.89702 8.77973 1
-9.89032 -2.6034 -6.05836 1
-8.86339 0.649238 -3.98324 1
-10.3842 2.07451 -8.67572 1
-9.47587 9.73236 4.8896 1
-10.8403 1.54067 -3.23562 1
-9.29393 4.66094 2.83487 1
-7.72706 0.462772 6.0684 1
-10.2384 -1.32933 3.74339 1
-9.40553 9.47684 10.7877 1
-9.85507 -2.07797 7.36665 1
-10.4847 0.24289 6.89061 1
-9.93227 0.66327 10.0347 1
-10.5516 5.64588 -10.1677 1
-10.0894 8.99665 1.2405 1
-10.5823 6.94386 7.65438 1
-3.76409 7.05445 9.75 1
-8.38661 9.61836 -3.89425 1
-8.92275 10.7502 2.82131 1
-6.74359 -0.472605 1.1648 1
-2.14867 -8.18261 -8.03011 1
-5.27567 -10.3781 -10.1573 1
-0.0845255 -5.88271 -8.94121 1
-9.28137 -8.9714 -1.06254 1
-7.24631 -9.93274 -0.386836 1
-6.03907 -6.59599 -0.0540582 1
-9.51722 -7.82464 -3.3257 1
-5.74903 -10.2082 -2.08617 1
-9.54999 -8.30169 4.03684 1
-3.70326 -9.89731 0.70796 1
1.31665 -9.72659 7.76404 1
-4.79917 -10.1268 3.09113 1
-9.02142 -9.30769 5.95532 1
-8.37904 -5.55058 2.84254 1
-5.20792 -7.93541 3.77063 1
-10.0468 -7.41413 10.5401 1
-10.817 -9.77919 7.24387 1
-6.26172 -2.41343 -10.3317 1
-7.85979 -6.79132 -6.24307 1
-7.76287 -8.36299 -4.66337 1
-3.47184 -3.95639 -7.87945 1
-8.12214 -4.04103 -10.2924 1
-5.11349 -2.49391 -3.79538 1
-5.96412 -6.60199 -2.43252 1
-7.0963 -4.77185 -3.42836 1
-7.51409 -7.27409 -8.37839 1
-6.71561 -7.02846 2.22462 1
-0.184405 0.708409 -10.193 1
-5.28693 0.931707 -2.13297 1
-6.42641 -2.97577 -1.8338 1
-3.9585 -7.63088 0.139146 1
-3.47646 -1.52983 -0.410929 1
-8.13608 -8.80137 2.32108 1
-3.40039 -6.60125 3.73028 1
-5.72568 -4.29544 -0.0300583 1
-8.33418 -5.82428 6.84565 1
-6.90152 -2.90341 5.05327 1
-6.47155 -4.34925 6.77633 1
-5.32977 1.95663 7.99002 1
-6.01582 -3.19354 1.93024 1
-8.84123 -9.3051 10.4294 1
-6.99023 -8.68478 9.19559 1
-8.43738 -4.56378 10.2717 1
-5.72282 -7.1169 10.4415 1
-7.52212 -1.35842 9.30461 1
-5.32303 -4.68555 -6.81734 1
-2.19003 -5.67612 -5.16536 1
-9.14485 2.78215 -6.8021 1
-7.21676 -0.401619 -9.53743 1
-9.45546 1.24104 -10.6848 1
-9.54565 -0.972925 -9.50624 1
-5.8624 3.5643 -6.24317 1
-5.98794 0.296891 -6.06556 1
-4.93422 2.89339 -8.27076 1
-8.72465 -1.51903 1.59091 1
-10.582 2.81326 2.05246 1
-5.72826 -0.949755 -0.835185 1
-6.68257 -1.73015 -5.28517 1
-7.43378 1.96179 -5.31241 1
-7.58683 6.22255 2.93605 1
-3.68277 2.22312 3.07655 1
-2.71813 3.27435 -0.934973 1
-7.97509 -3.35526 3.05623 1
-8.63824 -1.51404 5.47272 1
-5.48254 0.464896 5.84455 1
-2.80066 3.94498 -3.0833 1
-5.5334 0.93143 3.44431 1
-9.39057 2.11503 5.54547 1
-1.19732 0.641576 6.01939 1
-7.4541 1.6173 2.04332 1
-8.32107 0.596437 8.34578 1
-9.47134 -2.58457 9.69406 1
-2.39791 1.80145 9.74581 1
-7.34867 2.75372 8.62161 1
-5.20348 7.14048 -6.74164 1
-8.83912 -2.86732 -8.30575 1
-10.2667 8.82975 -2.66634 1
-8.62495 4.90058 -7.49757 1
-10.4575 6.15258 -6.98562 1
-5.63799 0.653762 -8.26919 1
-9.98781 7.95945 -5.67712 1
-5.96605 8.21099 -8.59957 1
-6.85445 5.62816 -6.28572 1
-9.86051 6.65474 -1.93635 1
-6.03806 2.74929 -3.44599 1
-7.89377 7.25032 -4.8011 1
-6.51844 4.82045 -2.47645 1
-8.84954 7.90656 -0.300988 1
-6.91639 4.82045 -0.284003 1
-5.63753 8.03625 -4.53368 1
-7.97094 3.00684 3.89828 1
-7.19535 6.81333 0.774054 1
-5.07084 7.74206 7.99122 1
-4.39301 2.67923 5.84566 1
-5.43805 5.81389 3.66022 1
-8.7348 3.66455 7.09433 1
-4.10887 4.79931 9.61163 1
-10.5342 7.67108 5.42832 1
-8.64166 5.90713 6.9543 1
-5.6894 9.8526 10.8019 1
-8.25618 5.12711 -9.74659 1
-9.3327 8.76975 -9.97935 1
-4.55214 3.28165 -10.8116 1
-7.52102 7.34688 -9.99348 1
-2.93939 6.80779 -6.93577 1
-10.6168 9.51912 -7.48788 1
-3.99256 10.1408 -2.45827 1
-7.50514 9.77655 -1.57403 1
-6.13194 8.8184 0.149301 1
-7.12261 8.9984 5.37977 1
-8.28756 7.05998 4.96889 1
-3.67456 8.22946 6.28191 1
-6.78808 10.5003 3.6364 1
-2.99275 10.0793 7.55774 1
-7.06805 6.56511 8.38585 1
-6.79159 9.37613 7.65964 1
-6.42465 10.0576 -7.39945 1
-0.858822 -8.82112 -6.21363 1
-1.79005 -7.03908 -10.1338 1
1.23505 -7.96107 -5.8106 1
-4.22011 -8.91694 -7.45538 1
-4.40085 -9.86138 -5.2848 1
-0.188005 -3.59961 -9.39916 1
-1.49391 -10.1483 -2.9957 1
-2.58668 -6.8959 -1.5829 1
1.12917 -6.58408 2.29597 1
0.2813 -8.85463 -2.24328 1
-6.82233 -10.6891 1.87448 1
-1.61041 -10.1485 1.63485 1
-0.653986 -8.03354 1.60263 1
3.29384 -5.69938 5.05115 1
-5.06474 -9.238 7.7478 1
-3.9033 -7.85556 9.24368 1
1.37637 -4.69809 7.94996 1
-0.909961 -10.0193 7.07836 1
1.45594 -6.03363 -10.8173 1
1.05957 -9.84733 -10.1593 1
-5.70261 -8.3413 -9.14133 1
-5.70943 -8.62708 -3.74461 1
-2.46843 -8.82629 -4.56211 1
-2.17904 -3.22566 -10.5803 1
-3.68304 -6.94077 -3.69153 1
-2.93773 -3.43299 -4.68765 1
-0.133081 -5.20488 -4.24807 1
0.0546786 -2.85974 -7.20467 1
-3.54347 -10.5054 -1.53295 1
-0.613554 4.35641 -3.5371 1
-0.486351 -7.46352 -0.677798 1
-1.24809 -3.39754 -3.09225 1
-2.11895 -4.69164 -1.47 1
-3.57523 -3.72469 -0.036981 1
1.04507 -5.83443 0.0853295 1
0.425765 -2.29868 -1.77232 1
-2.53204 -6.76031 1.70371 1
-1.37825 -4.11082 3.51723 1
-3.03235 -4.69413 5.03822 1
-0.294715 -4.00457 -0.0756592 1
-2.04621 -4.59157 1.43213 1
-2.93395 -2.30542 5.14909 1
-4.42845 -0.800121 7.67968 1
0.473766 -2.71833 1.76564 1
-4.53405 -5.65277 6.52303 1
-0.951593 -7.64048 7.04098 1
-2.23294 -1.16346 6.99833 1
-2.8037 -6.4951 7.83004 1
0.662816 -5.10085 10.1192 1
-0.334039 -1.8663 8.13088 1
1.22609 -4.32775 -5.879 1
-4.04822 -2.37613 -9.51888 1
-3.79252 0.744595 -5.40075 1
-2.14618 -2.49014 -6.62819 1
-0.470104 0.501265 -7.91758 1
-2.45726 -0.259184 -7.03482 1
-4.07509 3.02419 -4.77414 1
-1.67032 7.61467 -3.50285 1
-0.224005 2.65265 -7.25627 1
0.822051 1.57234 0.96449 1
-2.24753 -1.30506 -2.36209 1
-0.348255 -0.0728106 -2.13851 1
0.381456 2.76027 -2.07398 1
-4.01278 -0.45719 -3.48485 1
-0.552168 5.62059 2.84817 1
0.662909 3.83919 0.079883 1
-0.140281 5.54822 -1.45744 1
-2.83712 -0.82606 1.69365 1
-1.91826 5.84592 4.66696 1
-1.2996 -1.72082 3.17449 1
-2.56757 1.40101 1.27465 1
-1.01086 1.54299 -0.56601 1
-6.37794 4.84021 9.7105 1
0.0237548 -0.0909028 4.185 1
4.12545 2.30352 6.551 1
-5.04444 -1.61928 4.76886 1
-4.44719 0.566159 9.66416 1
3.24426 -2.08193 8.04679 1
-5.88169 -2.56573 8.19791 1
0.302992 -0.726642 10.1515 1
0.684232 1.45012 7.18775 1
-4.93975 -3.36994 10.083 1
-3.59932 -0.096719 -9.01256 1
-2.7678 1.98589 -9.96737 1
2.46333 -1.47565 -9.61045 1
0.0095392 8.90951 -2.53572 1
-8.4059 9.84293 -6.33474 1
-2.79908 4.49755 -6.05402 1
0.720418 8.37069 -10.3408 1
-2.36948 3.40432 -8.04561 1
-4.806 10.6604 -5.93669 1
-1.17184 6.08307 -5.13083 1
1.76085 6.7284 -7.74348 1
-3.045 6.11141 -2.49122 1
-5.16573 6.73644 -2.63154 1
-4.45374 1.94915 -0.252617 1
1.19729 8.44353 0.937443 1
-2.06227 6.36471 -0.491331 1
-0.292776 9.6527 -0.397452 1
-1.13815 3.58543 1.6954 1
-6.14782 3.04385 0.817348 1
-6.02911 3.90548 4.80957 1
-2.14378 2.40405 4.8164 1
-2.91309 4.90012 0.998462 1
-4.70898 4.048 2.21133 1
-3.30679 6.50446 2.85158 1
0.608908 3.6242 6.38494 1
-0.707526 7.7357 1.93837 1
-3.27162 3.36611 7.96168 1
-0.835467 5.08288 10.6521 1
-4.96052 -1.17869 2.5081 1
-1.41462 7.50751 6.16709 1
0.877899 3.42103 10.6307 1
1.42179 5.32474 7.77955 1
-0.0183385 6.37403 -9.25016 1
-2.96995 9.16355 -6.36464 1
0.690694 10.2941 -9.10662 1
-3.4231 8.78803 -4.18234 1
-6.01756 10.4164 -3.65756 1
-2.35166 8.49356 0.342228 1
4.71744 9.11813 -8.90428 1
-4.29524 8.39174 -1.03282 1
-5.42475 10.1202 1.86738 1
-5.07332 8.11287 4.50172 1
-1.47711 9.69811 3.02596 1
-0.0309849 1.59883 9.40919 1
-3.60762 8.86796 2.55803 1
0.515674 10.3981 8.35067 1
-0.562691 9.45959 5.06462 1
1.6281 9.40623 4.36371 1
0.0174772 9.59629 10.6095 1
-1.41564 7.47898 9.98033 1
0.620539 9.41536 -5.67933 1
-1.12735 -9.94895 -9.3758 1
10.2941 -10.4614 -1.43105 1
6.19431 -10.7102 6.06527 1
4.52322 -10.5103 -9.33454 1
2.83174 -9.61259 -6.03925 1
4.75252 -9.50855 -7.28286 1
1.86174 -10.3294 -1.55825 1
3.62033 -10.8032 -4.23699 1
3.7336 -9.5501 -0.0439972 1
5.65725 -10.5181 -1.03246 1
5.18305 -9.58203 -3.12835 1
4.58544 -7.9835 1.52988 1
3.58028 -6.47534 7.27849 1
4.27555 -10.8093 4.4312 1
6.25016 -8.98866 2.85657 1
6.45176 -8.94805 7.75251 1
3.31036 -8.03335 10.824 1
6.49349 -10.5162 10.4719 1
9.66941 -9.47302 7.14972 1
4.66408 -10.2598 9.1318 1
2.47542 -7.99181 -10.051 1
1.53986 -6.21023 -7.25212 1
2.98248 -6.42724 -2.782 1
5.25949 -7.34185 -7.31849 1
3.6856 -4.3643 -8.85508 1
3.49535 -6.56386 -8.4983 1
3.00546 -3.42717 -4.70298 1
5.85977 -6.42724 -5.28895 1
5.27268 -3.35803 -7.48704 1
1.03612 -7.15261 -3.66468 1
3.07635 -5.28315 -0.753399 1
4.25515 -7.99791 -1.75902 1
4.41586 -5.1422 -3.96958 1
7.25274 -6.45568 5.33075 1
5.30066 -1.38103 -0.0117807 1
4.99853 -6.44368 -0.136584 1
8.25079 -0.566392 2.44394 1
8.04005 -8.12972 3.99853 1
0.853991 -4.49446 3.25553 1
1.3077 -7.26533 7.75084 1
1.22 1.15639 -3.53738 1
3.13682 -7.16056 3.2115 1
4.00619 -2.56702 3.13904 1
6.12277 -3.48182 3.03519 1
1.46342 -2.58798 6.6435 1
2.59671 -0.398665 9.43919 1
4.77938 -7.62783 9.03802 1
5.29853 -1.37217 7.19606 1
8.51775 -5.75431 7.05344 1
6.15258 -5.99127 10.0816 1
9.48323 5.11667 9.92869 1
1.18622 -7.38321 10.1087 1
4.31266 -4.70281 10.8286 1
1.99651 -3.66257 -10.3613 1
5.22626 -6.926 -10.4664 1
1.25748 -0.961756 -7.65468 1
3.24315 1.32061 -4.78827 1
4.20531 -2.03283 -6.00381 1
4.33971 0.664469 -8.34904 1
3.08881 -0.126534 -6.59883 1
2.36308 4.35835 -5.22462 1
5.74245 -0.5879 -5.10498 1
6.08861 3.0025 -6.53311 1
2.53514 -2.24892 -2.75034 1
2.48281 0.19932 0.22084 1
7.58035 -1.51072 0.54328 1
4.86772 0.593945 -3.24115 1
2.85518 0.0295616 -2.1854 1
6.95587 4.32964 7.04735 1
6.43367 -0.539437 -1.94586 1
3.79241 -3.03624 -0.92288 1
-0.0379092 2.07728 3.26228 1
4.04127 -0.553284 1.82611 1
1.62034 5.47715 3.3627 1
1.86645 -1.99876 0.0824679 1
1.54678 3.42047 4.32254 1
4.71421 1.03713 3.37305 1
7.0239 1.28203 3.20744 1
1.76084 -0.351586 5.79885 1
6.98393 0.808288 10.4495 1
5.64627 -3.64124 7.52256 1
4.10709 0.141441 5.5522 1
3.69806 -4.41046 8.5484 1
6.905 -0.468174 8.63268 1
4.67682 6.67228 7.49764 1
1.90836 0.39234 -10.8104 1
2.993 2.02392 -9.62882 1
4.74505 -0.796797 -10.1604 1
1.40397 3.40276 -8.72566 1
0.694479 7.17593 -5.7602 1
4.41707 3.40413 -4.9247 1
2.76102 4.70359 -7.46138 1
0.548814 2.96391 -5.0496 1
3.95745 7.51286 -5.30613 1
10.7883 8.03099 0.755869 1
7.28781 5.85099 -5.29173 1
1.39945 7.06211 -2.22925 1
2.32929 6.88986 -0.147846 1
9.4318 3.72676 -2.82492 1
2.23394 6.45979 -4.25056 1
4.52064 6.59169 0.279457 1
6.54342 4.06443 0.215948 1
5.61156 7.4366 -1.46742 1
-1.67207 4.21591 6.36231 1
2.23025 7.22873 4.72399 1
3.79499 3.00425 4.32965 1
4.5331 4.4008 1.26321 1
4.99317 4.8943 3.59219 1
-1.18957 8.75599 8.10808 1
5.54242 6.91588 2.33502 1
2.72271 1.65994 8.31403 1
-0.799004 5.85405 8.12664 1
7.84139 6.41686 2.10194 1
2.67914 3.88729 9.14832 1
2.53006 7.18635 6.98624 1
0.519459 4.57906 -10.6409 1
5.04976 6.85819 -9.15628 1
6.73072 4.07237 -9.64146 1
5.06997 4.74734 -7.98995 1
2.80423 6.96906 -9.82833 1
-1.29092 10.7102 -5.85002 1
5.12905 5.63703 -5.73565 1
10.2096 5.47669 -1.45985 1
10.5691 8.77621 -3.78911 1
7.66702 5.07459 -3.17192 1
6.00332 10.2696 1.0989 1
4.7888 9.08896 2.68671 1
2.58813 9.56112 2.26689 1
2.52157 9.50601 7.55644 1
4.94065 9.93567 4.83689 1
4.15703 9.70337 9.21183 1
1.94113 10.3716 -7.21372 1
7.89327 -7.9079 -2.41147 1
8.43754 -8.67758 -9.69971 1
9.918 -6.55002 -6.83303 1
6.38566 -10.5502 -6.08365 1
7.53613 -9.25941 -0.497239 1
8.7453 -9.77967 -5.69983 1
8.5147 -7.56303 0.753377 1
10.1931 -8.05403 -4.92821 1
9.05093 -10.7536 0.527864 1
9.80837 -8.2128 2.52739 1
9.85294 -10.542 2.87374 1
8.03931 -10.5493 8.71503 1
8.58467 -10.1173 5.14244 1
9.22133 -7.59931 10.4168 1
9.6311 -8.73499 -7.70462 1
6.89485 -4.54116 -6.24215 1
8.12303 -5.59895 -7.79932 1
8.24461 -3.21477 -4.83618 1
7.75776 -3.12818 -10.3655 1
6.80559 -8.52739 -4.43657 1
6.63222 -4.91392 -0.658043 1
10.1765 -6.03189 -0.0238732 1
9.44159 -3.97087 -3.01924 1
8.45507 -5.7111 -1.71703 1
10.2835 -2.08932 -1.76973 1
2.4493 -3.59868 4.63335 1
9.68187 -4.28787 1.64602 1
5.40949 -7.50377 6.19044 1
4.54796 -8.54022 4.39252 1
7.3672 -4.58815 8.64099 1
8.57923 -7.72984 8.21194 1
10.4874 -4.70115 6.617 1
9.11934 -3.3536 9.46634 1
6.90408 -7.14515 -8.90806 1
9.23667 -4.26304 -9.20623 1
2.26818 4.995 1.1876 1
8.05943 0.763518 -8.31664 1
6.15434 -2.20646 -9.19247 1
10.7973 -0.09118 -5.09095 1
6.63001 -2.16732 -3.60079 1
9.75865 1.67591 -1.75551 1
5.50254 -3.80416 -2.39402 1
8.70247 -0.423773 -1.28695 1
10.1544 2.43055 1.69143 1
8.62899 2.45823 4.49387 1
7.46855 -3.73918 1.15003 1
6.56706 -0.339771 5.23521 1
10.3789 0.210858 2.29947 1
7.52302 -2.02498 4.06066 1
7.93436 0.449295 6.87371 1
8.42885 2.63058 6.71005 1
4.71846 4.2724 7.73691 1
10.4308 1.07572 4.3915 1
7.63434 1.94269 -10.2378 1
8.14251 4.01523 -6.38921 1
9.9649 1.99955 -8.08623 1
8.65668 6.60296 -8.73304 1
9.08657 4.22154 -8.55701 1
10.8021 7.04254 -9.48943 1
6.21618 0.794719 -6.98405 1
9.98635 3.7347 -5.04498 1
8.96887 6.66675 0.124746 1
7.92373 3.06426 1.74008 1
6.89346 5.23926 4.90972 1
10.7494 5.48887 4.15343 1
8.6047 4.63767 3.4564 1
5.72879 8.21294 6.10034 1
10.6792 5.47197 6.42278 1
6.16893 6.77253 9.25882 1
10.5347 3.3278 7.24738 1
9.1462 7.05758 6.9003 1
8.02546 5.863 8.40163 1
7.64404 7.41288 5.27639 1
9.68622 -1.89113 -6.03224 1
7.02048 6.92124 -10.2405 1
8.27073 7.41473 -6.63521 1
10.2683 7.71898 -5.72365 1
3.27666 8.56335 -7.22941 1
5.48029 9.64438 -1.08534 1
7.99196 10.1425 2.32468 1
7.18535 5.85488 -1.13381 1
8.48932 8.18192 3.32108 1
10.5984 -5.33928 -10.7215 1
10.5651 -2.84294 -7.91444 1
10.1743 2.97315 9.48914 1
10.7639 10.3647 4.29882 1
10.022 -8.54142 -2.68074 1
