V 5.43 5.43 5.43 4 4 4
D 0

-10.1813 -10.1813 -10.1813 1
-7.46627 -7.46627 -10.1813 1
-7.46627 -10.1813 -7.46627 1
-10.1813 -7.46627 -7.46627 1
-8.82378 -8.82378 -8.82378 1
-6.10877 -6.10877 -8.82378 1
-6.10877 -8.82378 -6.10877 1
-8.82378 -6.10877 -6.10877 1
-10.1813 -10.1813 -4.75127 1
-7.46627 -7.46627 -4.75127 1
-7.46627 -10.1813 -2.03627 1
-10.1813 -7.46627 -2.03627 1
-8.82378 -8.82378 -3.39377 1
-6.10877 -6.10877 -3.39377 1
-6.10877 -8.82378 -0.678825 1
-8.82378 -6.10877 -0.678825 1
-10.1813 -10.1813 0.678675 1
-7.46627 -7.46627 0.678675 1
-7.46627 -10.1813 3.39368 1
-10.1813 -7.46627 3.39368 1
-8.82378 -8.82378 2.03618 1
-6.10877 -6.10877 2.03618 1
-6.10877 -8.82378 4.75118 1
-8.82378 -6.10877 4.75118 1
-10.1813 -10.1813 6.10878 1
-7.46627 -7.46627 6.10878 1
-7.46627 -10.1813 8.82378 1
-10.1813 -7.46627 8.82378 1
-8.82378 -8.82378 7.46628 1
-6.10877 -6.10877 7.46628 1
-6.10877 -8.82378 10.1813 1
-8.82378 -6.10877 10.1813 1
-10.1813 -4.75127 -10.1813 1
-7.46627 -2.03627 -10.1813 1
-7.46627 -4.75127 -7.46627 1
-10.1813 -2.03627 -7.46627 1
-8.82378 -3.39377 -8.82378 1
-6.10877 -0.678825 -8.82378 1
-6.10877 -3.39377 -6.10877 1
-8.82378 -0.678825 -6.10877 1
-10.1813 -4.75127 -4.75127 1
-7.46627 -2.03627 -4.75127 1
-7.46627 -4.75127 -2.03627 1
-10.1813 -2.03627 -2.03627 1
-8.82378 -3.39377 -3.39377 1
-6.10877 -0.678825 -3.39377 1
-6.10877 -3.39377 -0.678825 1
-8.82378 -0.678825 -0.678825 1
-10.1813 -4.75127 0.678675 1
-7.46627 -2.03627 0.678675 1
-7.46627 -4.75127 3.39368 1
-10.1813 -2.03627 3.39368 1
-8.82378 -3.39377 2.03618 1
-6.10877 -0.678825 2.03618 1
-6.10877 -3.39377 4.75118 1
-8.82378 -0.678825 4.75118 1
-10.1813 -4.75127 6.10878 1
-7.46627 -2.03627 6.10878 1
-7.46627 -4.75127 8.82378 1
-10.1813 -2.03627 8.82378 1
-8.82378 -3.39377 7.46628 1
-6.10877 -0.678825 7.46628 1
-6.10877 -3.39377 10.1813 1
-8.82378 -0.678825 10.1813 1
-10.1813 0.678675 -10.1813 1
-7.46627 3.39368 -10.1813 1
-7.46627 0.678675 -7.46627 1
-10.1813 3.39368 -7.46627 1
-8.82378 2.03618 -8.82378 1
-6.10877 4.75118 -8.82378 1
-6.10877 2.03618 -6.10877 1
-8.82378 4.75118 -6.10877 1
-10.1813 0.678675 -4.75127 1
-7.46627 3.39368 -4.75127 1
-7.46627 0.678675 -2.03627 1
-10.1813 3.39368 -2.03627 1
-8.82378 2.03618 -3.39377 1
-6.10877 4.75118 -3.39377 1
-6.10877 2.03618 -0.678825 1
-8.82378 4.75118 -0.678825 1
-10.1813 0.678675 0.678675 1
-7.46627 3.39368 0.678675 1
-7.46627 0.678675 3.39368 1
-10.1813 3.39368 3.39368 1
-8.82378 2.03618 2.03618 1
-6.10877 4.75118 2.03618 1
-6.10877 2.03618 4.75118 1
-8.82378 4.75118 4.75118 1
-10.1813 0.678675 6.10878 1
-7.46627 3.39368 6.10878 1
-7.46627 0.678675 8.82378 1
-10.1813 3.39368 8.82378 1
-8.82378 2.03618 7.46628 1
-6.10877 4.75118 7.46628 1
-6.10877 2.03618 10.1813 1
-8.82378 4.75118 10.1813 1
-10.1813 6.10878 -10.1813 1
-7.46627 8.82378 -10.1813 1
-7.46627 6.10878 -7.46627 1
-10.1813 8.82378 -7.46627 1
-8.82378 7.46628 -8.82378 1
-6.10877 10.1813 -8.82378 1
-6.10877 7.46628 -6.10877 1
-8.82378 10.1813 -6.10877 1
-10.1813 6.10878 -4.75127 1
-7.46627 8.82378 -4.75127 1
-7.46627 6.10878 -2.03627 1
-10.1813 8.82378 -2.03627 1
-8.82378 7.46628 -3.39377 1
-6.10877 10.1813 -3.39377 1
-6.10877 7.46628 -0.678825 1
-8.82378 10.1813 -0.678825 1
-10.1813 6.10878 0.678675 1
-7.46627 8.82378 0.678675 1
-7.46627 6.10878 3.39368 1
-10.1813 8.82378 3.39368 1
-8.82378 7.46628 2.03618 1
-6.10877 10.1813 2.03618 1
-6.10877 7.46628 4.75118 1
-8.82378 10.1813 4.75118 1
-10.1813 6.10878 6.10878 1
-7.46627 8.82378 6.10878 1
-7.46627 6.10878 8.82378 1
-10.1813 8.82378 8.82378 1
-8.82378 7.46628 7.46628 1
-6.10877 10.1813 7.46628 1
-6.10877 7.46628 10.1813 1
-8.82378 10.1813 10.1813 1
-4.75127 -10.1813 -10.1813 1
-2.03627 -7.46627 -10.1813 1
-2.03627 -10.1813 -7.46627 1
-4.75127 -7.46627 -7.46627 1
-3.39377 -8.82378 -8.82378 1
-0.678825 -6.10877 -8.82378 1
-0.678825 -8.82378 -6.10877 1
-3.39377 -6.10877 -6.10877 1
-4.75127 -10.1813 -4.75127 1
-2.03627 -7.46627 -4.75127 1
-2.03627 -10.1813 -2.03627 1
-4.75127 -7.46627 -2.03627 1
-3.39377 -8.82378 -3.39377 1
-0.678825 -6.10877 -3.39377 1
-0.678825 -8.82378 -0.678825 1
-3.39377 -6.10877 -0.678825 1
-4.75127 -10.1813 0.678675 1
-2.03627 -7.46627 0.678675 1
-2.03627 -10.1813 3.39368 1
-4.75127 -7.46627 3.39368 1
-3.39377 -8.82378 2.03618 1
-0.678825 -6.10877 2.03618 1
-0.678825 -8.82378 4.75118 1
-3.39377 -6.10877 4.75118 1
-4.75127 -10.1813 6.10878 1
-2.03627 -7.46627 6.10878 1
-2.03627 -10.1813 8.82378 1
-4.75127 -7.46627 8.82378 1
-3.39377 -8.82378 7.46628 1
-0.678825 -6.10877 7.46628 1
-0.678825 -8.82378 10.1813 1
-3.39377 -6.10877 10.1813 1
-4.75127 -4.75127 -10.1813 1
-2.03627 -2.03627 -10.1813 1
-2.03627 -4.75127 -7.46627 1
-4.75127 -2.03627 -7.46627 1
-3.39377 -3.39377 -8.82378 1
-0.678825 -0.678825 -8.82378 1
-0.678825 -3.39377 -6.10877 1
-3.39377 -0.678825 -6.10877 1
-4.75127 -4.75127 -4.75127 1
-2.03627 -2.03627 -4.75127 1
-2.03627 -4.75127 -2.03627 1
-4.75127 -2.03627 -2.03627 1
-3.39377 -3.39377 -3.39377 1
-0.678825 -0.678825 -3.39377 1
-0.678825 -3.39377 -0.678825 1
-3.39377 -0.678825 -0.678825 1
-4.75127 -4.75127 0.678675 1
-2.03627 -2.03627 0.678675 1
-2.03627 -4.75127 3.39368 1
-4.75127 -2.03627 3.39368 1
-3.39377 -3.39377 2.03618 1
-0.678825 -0.678825 2.03618 1
-0.678825 -3.39377 4.75118 1
-3.39377 -0.678825 4.75118 1
-4.75127 -4.75127 6.10878 1
-2.03627 -2.03627 6.10878 1
-2.03627 -4.75127 8.82378 1
-4.75127 -2.03627 8.82378 1
-3.39377 -3.39377 7.46628 1
-0.678825 -0.678825 7.46628 1
-0.678825 -3.39377 10.1813 1
-3.39377 -0.678825 10.1813 1
-4.75127 0.678675 -10.1813 1
-2.03627 3.39368 -10.1813 1
-2.03627 0.678675 -7.46627 1
-4.75127 3.39368 -7.46627 1
-3.39377 2.03618 -8.82378 1
-0.678825 4.75118 -8.82378 1
-0.678825 2.03618 -6.10877 1
-3.39377 4.75118 -6.10877 1
-4.75127 0.678675 -4.75127 1
-2.03627 3.39368 -4.75127 1
-2.03627 0.678675 -2.03627 1
-4.75127 3.39368 -2.03627 1
-3.39377 2.03618 -3.39377 1
-0.678825 4.75118 -3.39377 1
-0.678825 2.03618 -0.678825 1
-3.39377 4.75118 -0.678825 1
-4.75127 0.678675 0.678675 1
-2.03627 3.39368 0.678675 1
-2.03627 0.678675 3.39368 1
-4.75127 3.39368 3.39368 1
-3.39377 2.03618 2.03618 1
-0.678825 4.75118 2.03618 1
-0.678825 2.03618 4.75118 1
-3.39377 4.75118 4.75118 1
-4.75127 0.678675 6.10878 1
-2.03627 3.39368 6.10878 1
-2.03627 0.678675 8.82378 1
-4.75127 3.39368 8.82378 1
-3.39377 2.03618 7.46628 1
-0.678825 4.75118 7.46628 1
-0.678825 2.03618 10.1813 1
-3.39377 4.75118 10.1813 1
-4.75127 6.10878 -10.1813 1
-2.03627 8.82378 -10.1813 1
-2.03627 6.10878 -7.46627 1
-4.75127 8.82378 -7.46627 1
-3.39377 7.46628 -8.82378 1
-0.678825 10.1813 -8.82378 1
-0.678825 7.46628 -6.10877 1
-3.39377 10.1813 -6.10877 1
-4.75127 6.10878 -4.75127 1
-2.03627 8.82378 -4.75127 1
-2.03627 6.10878 -2.03627 1
-4.75127 8.82378 -2.03627 1
-3.39377 7.46628 -3.39377 1
-0.678825 10.1813 -3.39377 1
-0.678825 7.46628 -0.678825 1
-3.39377 10.1813 -0.678825 1
-4.75127 6.10878 0.678675 1
-2.03627 8.82378 0.678675 1
-2.03627 6.10878 3.39368 1
-4.75127 8.82378 3.39368 1
-3.39377 7.46628 2.03618 1
-0.678825 10.1813 2.03618 1
-0.678825 7.46628 4.75118 1
-3.39377 10.1813 4.75118 1
-4.75127 6.10878 6.10878 1
-2.03627 8.82378 6.10878 1
-2.03627 6.10878 8.82378 1
-4.75127 8.82378 8.82378 1
-3.39377 7.46628 7.46628 1
-0.678825 10.1813 7.46628 1
-0.678825 7.46628 10.1813 1
-3.39377 10.1813 10.1813 1
0.678675 -10.1813 -10.1813 1
3.39368 -7.46627 -10.1813 1
3.39368 -10.1813 -7.46627 1
0.678675 -7.46627 -7.46627 1
2.03618 -8.82378 -8.82378 1
4.75118 -6.10877 -8.82378 1
4.75118 -8.82378 -6.10877 1
2.03618 -6.10877 -6.10877 1
0.678675 -10.1813 -4.75127 1
3.39368 -7.46627 -4.75127 1
3.39368 -10.1813 -2.03627 1
0.678675 -7.46627 -2.03627 1
2.03618 -8.82378 -3.39377 1
4.75118 -6.10877 -3.39377 1
4.75118 -8.82378 -0.678825 1
2.03618 -6.10877 -0.678825 1
0.678675 -10.1813 0.678675 1
3.39368 -7.46627 0.678675 1
3.39368 -10.1813 3.39368 1
0.678675 -7.46627 3.39368 1
2.03618 -8.82378 2.03618 1
4.75118 -6.10877 2.03618 1
4.75118 -8.82378 4.75118 1
2.03618 -6.10877 4.75118 1
0.678675 -10.1813 6.10878 1
3.39368 -7.46627 6.10878 1
3.39368 -10.1813 8.82378 1
0.678675 -7.46627 8.82378 1
2.03618 -8.82378 7.46628 1
4.75118 -6.10877 7.46628 1
4.75118 -8.82378 10.1813 1
2.03618 -6.10877 10.1813 1
0.678675 -4.75127 -10.1813 1
3.39368 -2.03627 -10.1813 1
3.39368 -4.75127 -7.46627 1
0.678675 -2.03627 -7.46627 1
2.03618 -3.39377 -8.82378 1
4.75118 -0.678825 -8.82378 1
4.75118 -3.39377 -6.10877 1
2.03618 -0.678825 -6.10877 1
0.678675 -4.75127 -4.75127 1
3.39368 -2.03627 -4.75127 1
3.39368 -4.75127 -2.03627 1
0.678675 -2.03627 -2.03627 1
2.03618 -3.39377 -3.39377 1
4.75118 -0.678825 -3.39377 1
4.75118 -3.39377 -0.678825 1
2.03618 -0.678825 -0.678825 1
0.678675 -4.75127 0.678675 1
3.39368 -2.03627 0.678675 1
3.39368 -4.75127 3.39368 1
0.678675 -2.03627 3.39368 1
2.03618 -3.39377 2.03618 1
4.75118 -0.678825 2.03618 1
4.75118 -3.39377 4.75118 1
2.03618 -0.678825 4.75118 1
0.678675 -4.75127 6.10878 1
3.39368 -2.03627 6.10878 1
3.39368 -4.75127 8.82378 1
0.678675 -2.03627 8.82378 1
2.03618 -3.39377 7.46628 1
4.75118 -0.678825 7.46628 1
4.75118 -3.39377 10.1813 1
2.03618 -0.678825 10.1813 1
0.678675 0.678675 -10.1813 1
3.39368 3.39368 -10.1813 1
3.39368 0.678675 -7.46627 1
0.678675 3.39368 -7.46627 1
2.03618 2.03618 -8.82378 1
4.75118 4.75118 -8.82378 1
4.75118 2.03618 -6.10877 1
2.03618 4.75118 -6.10877 1
0.678675 0.678675 -4.75127 1
3.39368 3.39368 -4.75127 1
3.39368 0.678675 -2.03627 1
0.678675 3.39368 -2.03627 1
2.03618 2.03618 -3.39377 1
4.75118 4.75118 -3.39377 1
4.75118 2.03618 -0.678825 1
2.03618 4.75118 -0.678825 1
0.678675 0.678675 0.678675 1
3.39368 3.39368 0.678675 1
3.39368 0.678675 3.39368 1
0.678675 3.39368 3.39368 1
2.03618 2.03618 2.03618 1
4.75118 4.75118 2.03618 1
4.75118 2.03618 4.75118 1
2.03618 4.75118 4.75118 1
0.678675 0.678675 6.10878 1
3.39368 3.39368 6.10878 1
3.39368 0.678675 8.82378 1
0.678675 3.39368 8.82378 1
2.03618 2.03618 7.46628 1
4.75118 4.75118 7.46628 1
4.75118 2.03618 10.1813 1
2.03618 4.75118 10.1813 1
0.678675 6.10878 -10.1813 1
3.39368 8.82378 -10.1813 1
3.39368 6.10878 -7.46627 1
0.678675 8.82378 -7.46627 1
2.03618 7.46628 -8.82378 1
4.75118 10.1813 -8.82378 1
4.75118 7.46628 -6.10877 1
2.03618 10.1813 -6.10877 1
0.678675 6.10878 -4.75127 1
3.39368 8.82378 -4.75127 1
3.39368 6.10878 -2.03627 1
0.678675 8.82378 -2.03627 1
2.03618 7.46628 -3.39377 1
4.75118 10.1813 -3.39377 1
4.75118 7.46628 -0.678825 1
2.03618 10.1813 -0.678825 1
0.678675 6.10878 0.678675 1
3.39368 8.82378 0.678675 1
3.39368 6.10878 3.39368 1
0.678675 8.82378 3.39368 1
2.03618 7.46628 2.03618 1
4.75118 10.1813 2.03618 1
4.75118 7.46628 4.75118 1
2.03618 10.1813 4.75118 1
0.678675 6.10878 6.10878 1
3.39368 8.82378 6.10878 1
3.39368 6.10878 8.82378 1
0.678675 8.82378 8.82378 1
2.03618 7.46628 7.46628 1
4.75118 10.1813 7.46628 1
4.75118 7.46628 10.1813 1
2.03618 10.1813 10.1813 1
6.10878 -10.1813 -10.1813 1
8.82378 -7.46627 -10.1813 1
8.82378 -10.1813 -7.46627 1
6.10878 -7.46627 -7.46627 1
7.46628 -8.82378 -8.82378 1
10.1813 -6.10877 -8.82378 1
10.1813 -8.82378 -6.10877 1
7.46628 -6.10877 -6.10877 1
6.10878 -10.1813 -4.75127 1
8.82378 -7.46627 -4.75127 1
8.82378 -10.1813 -2.03627 1
6.10878 -7.46627 -2.03627 1
7.46628 -8.82378 -3.39377 1
10.1813 -6.10877 -3.39377 1
10.1813 -8.82378 -0.678825 1
7.46628 -6.10877 -0.678825 1
6.10878 -10.1813 0.678675 1
8.82378 -7.46627 0.678675 1
8.82378 -10.1813 3.39368 1
6.10878 -7.46627 3.39368 1
7.46628 -8.82378 2.03618 1
10.1813 -6.10877 2.03618 1
10.1813 -8.82378 4.75118 1
7.46628 -6.10877 4.75118 1
6.10878 -10.1813 6.10878 1
8.82378 -7.46627 6.10878 1
8.82378 -10.1813 8.82378 1
6.10878 -7.46627 8.82378 1
7.46628 -8.82378 7.46628 1
10.1813 -6.10877 7.46628 1
10.1813 -8.82378 10.1813 1
7.46628 -6.10877 10.1813 1
6.10878 -4.75127 -10.1813 1
8.82378 -2.03627 -10.1813 1
8.82378 -4.75127 -7.46627 1
6.10878 -2.03627 -7.46627 1
7.46628 -3.39377 -8.82378 1
10.1813 -0.678825 -8.82378 1
10.1813 -3.39377 -6.10877 1
7.46628 -0.678825 -6.10877 1
6.10878 -4.75127 -4.75127 1
8.82378 -2.03627 -4.75127 1
8.82378 -4.75127 -2.03627 1
6.10878 -2.03627 -2.03627 1
7.46628 -3.39377 -3.39377 1
10.1813 -0.678825 -3.39377 1
10.1813 -3.39377 -0.678825 1
7.46628 -0.678825 -0.678825 1
6.10878 -4.75127 0.678675 1
8.82378 -2.03627 0.678675 1
8.82378 -4.75127 3.39368 1
6.10878 -2.03627 3.39368 1
7.46628 -3.39377 2.03618 1
10.1813 -0.678825 2.03618 1
10.1813 -3.39377 4.75118 1
7.46628 -0.678825 4.75118 1
6.10878 -4.75127 6.10878 1
8.82378 -2.03627 6.10878 1
8.82378 -4.75127 8.82378 1
6.10878 -2.03627 8.82378 1
7.46628 -3.39377 7.46628 1
10.1813 -0.678825 7.46628 1
10.1813 -3.39377 10.1813 1
7.46628 -0.678825 10.1813 1
6.10878 0.678675 -10.1813 1
8.82378 3.39368 -10.1813 1
8.82378 0.678675 -7.46627 1
6.10878 3.39368 -7.46627 1
7.46628 2.03618 -8.82378 1
10.1813 4.75118 -8.82378 1
10.1813 2.03618 -6.10877 1
7.46628 4.75118 -6.10877 1
6.10878 0.678675 -4.75127 1
8.82378 3.39368 -4.75127 1
8.82378 0.678675 -2.03627 1
6.10878 3.39368 -2.03627 1
7.46628 2.03618 -3.39377 1
10.1813 4.75118 -3.39377 1
10.1813 2.03618 -0.678825 1
7.46628 4.75118 -0.678825 1
6.10878 0.678675 0.678675 1
8.82378 3.39368 0.678675 1
8.82378 0.678675 3.39368 1
6.10878 3.39368 3.39368 1
7.46628 2.03618 2.03618 1
10.1813 4.75118 2.03618 1
10.1813 2.03618 4.75118 1
7.46628 4.75118 4.75118 1
6.10878 0.678675 6.10878 1
8.82378 3.39368 6.10878 1
8.82378 0.678675 8.82378 1
6.10878 3.39368 8.82378 1
7.46628 2.03618 7.46628 1
10.1813 4.75118 7.46628 1
10.1813 2.03618 10.1813 1
7.46628 4.75118 10.1813 1
6.10878 6.10878 -10.1813 1
8.82378 8.82378 -10.1813 1
8.82378 6.10878 -7.46627 1
6.10878 8.82378 -7.46627 1
7.46628 7.46628 -8.82378 1
10.1813 10.1813 -8.82378 1
10.1813 7.46628 -6.10877 1
7.46628 10.1813 -6.10877 1
6.10878 6.10878 -4.75127 1
8.82378 8.82378 -4.75127 1
8.82378 6.10878 -2.03627 1
6.10878 8.82378 -2.03627 1
7.46628 7.46628 -3.39377 1
10.1813 10.1813 -3.39377 1
10.1813 7.46628 -0.678825 1
7.46628 10.1813 -0.678825 1
6.10878 6.10878 0.678675 1
8.82378 8.82378 0.678675 1
8.82378 6.10878 3.39368 1
6.10878 8.82378 3.39368 1
7.46628 7.46628 2.03618 1
10.1813 10.1813 2.03618 1
10.1813 7.46628 4.75118 1
7.46628 10.1813 4.75118 1
6.10878 6.10878 6.10878 1
8.82378 8.82378 6.10878 1
8.82378 6.10878 8.82378 1
6.10878 8.82378 8.82378 1
7.46628 7.46628 7.46628 1
10.1813 10.1813 7.46628 1
10.1813 7.46628 10.1813 1
7.46628 10.1813 10.1813 1
