V 5.43 5.43 5.43 4 4 4
O 5.585023 5.543413 5.561992
D 9.79229

-10.4141 4.24314 4.23277 1
-9.88071 -5.40567 -9.51777 1
-10.7291 -8.63679 -8.28977 1
-10.5762 -6.43981 -7.53967 1
-9.76336 -8.52647 0.719845 1
-8.2552 -5.99931 -1.08489 1
-9.17442 -5.23951 6.28632 1
-8.03116 -7.00669 7.2439 1
-8.76225 -0.348643 -7.92922 1
-8.22676 -4.39395 -8.14652 1
-10.648 -0.512031 -4.90514 1
-10.5493 -1.7992 -7.68847 1
-10.244 -4.51902 -0.194837 1
-10.7294 -1.15691 -2.60699 1
-10.6385 -1.04992 1.98829 1
-8.99968 -0.50557 -10.3086 1
-9.21402 8.30265 -9.30177 1
-10.4028 1.78114 -5.01951 1
-6.45016 5.61283 -8.00546 1
-3.8557 -0.424891 1.72111 1
-10.3401 5.07512 -4.36328 1
-3.00193 8.53675 6.77996 1
-9.97454 2.14428 -0.521245 1
-4.32657 7.70282 -7.32819 1
-8.21661 0.805417 5.03425 1
-6.98769 7.5267 2.43682 1
-10.6509 1.79452 10.6865 1
-9.78388 8.62232 -3.8624 1
-10.5973 7.34779 -7.6953 1
-9.52059 10.0752 -7.77072 1
-9.66218 5.34698 0.985397 1
-8.72644 7.53131 0.771612 1
-9.57643 7.03053 6.23502 1
-9.99174 -9.07305 -10.4756 1
-9.01325 -10.0999 2.2079 1
-9.64945 -8.15548 3.88007 1
-8.61345 -7.27032 -10.0768 1
-5.63239 -5.21892 -10.5412 1
-5.89585 -9.15585 -10.6582 1
-9.46639 -8.85011 -6.28084 1
-4.30728 -8.13822 -6.18004 1
-6.88467 -8.1973 -8.70333 1
-7.70318 -9.783 -7.32606 1
-8.88918 -6.5864 -5.85685 1
-1.28154 -5.78478 -1.28889 1
-5.53066 -6.78164 -7.50394 1
-9.20294 -8.16878 -1.5109 1
-5.27478 -9.83234 0.637302 1
-4.89252 -7.60383 0.136464 1
-8.35424 -6.78311 1.1504 1
-6.13114 -5.71268 -0.408534 1
-3.50816 -4.38471 1.16542 1
-10.7549 -4.50407 4.72304 1
-6.35416 -7.45549 1.99426 1
-6.71223 -9.81197 2.66983 1
-7.74362 -7.47073 4.99758 1
-3.06331 -6.24891 5.69632 1
-5.48322 -5.66616 3.33302 1
-10.4547 -10.202 6.94552 1
-10.0582 -9.16693 10.3786 1
-9.40206 -8.5826 8.09296 1
-5.84517 -8.94059 10.6754 1
-6.24616 -6.06706 8.40518 1
-7.18042 -6.94392 10.5923 1
-1.49164 1.25515 -9.40257 1
-9.24458 -3.07843 -10.5993 1
-5.50306 -1.83244 -9.32402 1
-5.21487 1.30048 -8.30962 1
-4.07134 -5.8517 -9.01136 1
-9.48735 -3.36875 -6.55499 1
-6.99036 -5.38923 -6.49702 1
-6.9551 -3.48285 -9.87887 1
-3.29519 2.20908 -2.7737 1
-8.58188 -1.5003 -5.55454 1
-6.11065 -3.62288 -5.25702 1
-3.52744 -1.12635 -5.57448 1
-9.75189 -5.63746 -3.98407 1
-9.45006 -2.46291 -1.10871 1
-3.47954 -2.93222 -0.64854 1
-5.94901 0.306758 -3.99523 1
-8.6021 -4.21007 -2.57403 1
-8.02848 -1.12571 0.280043 1
-3.50354 -4.02941 3.5855 1
-4.13669 3.16043 -4.82593 1
-9.70991 -5.12725 1.929 1
-10.1347 -2.29574 3.971 1
-7.41675 -5.08378 4.55823 1
-6.98224 -2.41241 1.8951 1
-8.48606 -3.64319 3.09625 1
-9.2166 -1.23307 5.81597 1
-6.16595 -3.78608 5.90692 1
-5.55835 -1.03515 3.06707 1
-10.2224 -2.46061 7.92745 1
-7.25705 -2.03274 6.82437 1
-8.1748 -2.3478 8.9849 1
-7.71131 -0.526985 10.3617 1
-5.66941 -0.645512 7.69746 1
-8.26868 1.67775 -10.8234 1
-8.70557 3.07753 -9.08983 1
-4.24996 3.85294 -10.3156 1
-6.50749 -0.5208 -7.77709 1
-9.26941 1.70886 -7.07581 1
-5.97024 -1.23029 -5.73122 1
-6.25613 3.41465 -8.6676 1
-6.06819 4.21849 -2.82632 1
-3.97127 10.8498 2.62258 1
-7.20932 2.61663 -6.63484 1
-9.62507 1.04136 -2.59988 1
-6.43595 0.233096 -0.811191 1
-7.67225 -0.338858 -2.6752 1
-6.4281 2.51288 -4.51171 1
-8.71444 3.02058 -3.92185 1
-10.2139 9.08277 -0.123481 1
-6.43936 4.28145 -0.385365 1
-9.31981 0.623935 1.15785 1
-6.00265 0.668706 4.56144 1
-8.69662 4.02842 2.6721 1
-9.30005 1.7492 3.1881 1
-7.77962 5.67864 6.02658 1
-3.37735 1.71199 2.47462 1
-6.42802 4.40412 2.93384 1
-10.6448 0.349868 6.97974 1
-9.36587 2.99999 9.17974 1
-7.03043 0.934559 8.69209 1
-8.67013 1.7311 7.23563 1
-7.74002 4.55015 9.69857 1
-5.44399 3.98919 9.82 1
-3.88016 5.30331 6.86297 1
-7.27044 7.10991 -9.59984 1
-9.64031 6.91966 -5.64168 1
-5.6107 6.46106 -5.92433 1
-7.76438 9.84331 -6.23837 1
-3.60305 9.97428 -7.51068 1
-5.41076 8.04058 0.0381536 1
-6.66275 8.25271 7.65995 1
-8.37418 5.07217 -2.75266 1
-7.66598 10.628 -1.97457 1
-7.34871 8.42469 -1.13889 1
-7.95537 7.32601 -3.04159 1
-5.64864 5.81471 1.14321 1
-4.96619 2.03701 8.6601 1
-6.35952 6.24719 4.33896 1
-5.62316 9.3873 1.97497 1
0.334251 10.0502 -1.15043 1
-9.1638 3.84279 6.12218 1
-6.83334 5.95235 8.04807 1
-8.70391 9.44914 10.419 1
-4.56686 5.91976 8.90511 1
-8.36015 9.62416 8.04093 1
-9.53314 9.27015 5.94645 1
-3.62336 -7.63365 -1.8831 1
-4.23842 -10.2086 -7.30215 1
-8.12735 -10.1007 -2.06615 1
-5.99803 -10.7952 -1.28456 1
-5.95677 -8.94741 4.79768 1
7.14627 -5.47222 -7.90568 1
-0.156746 -10.2001 -10.6137 1
-2.34754 -7.17801 -5.33254 1
-0.797839 -8.66661 -6.45465 1
-2.21618 -9.43499 -8.0555 1
0.90888 -2.93147 -1.88983 1
1.07762 -8.61741 -1.05138 1
-0.119083 -7.40676 -2.46289 1
-7.56537 -2.53602 -3.67317 1
-1.98024 -5.39883 -3.47554 1
0.0612902 -10.3927 -4.94133 1
-2.02316 -8.39069 -3.30374 1
-1.82682 -10.6865 -3.58815 1
2.13725 -3.97153 9.06215 1
-0.0116348 -9.12991 0.792742 1
2.76985 -5.8002 0.603553 1
-4.25928 -7.52067 4.17415 1
-1.54702 -10.1245 4.4474 1
-1.50004 -7.72062 1.74064 1
-2.90427 -8.99929 3.00641 1
1.06987 -5.08303 7.30982 1
-0.258102 -8.79464 5.79786 1
-0.177147 -6.30578 2.9771 1
-4.62252 -7.51291 9.31806 1
-2.3672 -10.2594 9.44266 1
-1.7647 -7.60061 7.01515 1
-3.42637 -8.88114 7.9486 1
-0.524324 -6.31427 8.46704 1
-4.85818 0.0805986 -10.5599 1
-2.79958 -7.69439 -9.4335 1
-3.81434 -3.50103 -5.18871 1
-2.42056 -4.32655 -8.65025 1
0.408191 -2.63405 -10.8555 1
-3.19559 -2.16309 -8.91121 1
-2.49117 -1.53307 -3.45126 1
-0.261887 -4.46899 -4.96551 1
0.288835 -1.97486 -7.42078 1
-4.41999 -0.821362 -0.496137 1
-1.68448 -1.06155 2.18733 1
2.19587 -4.64447 -2.63588 1
-2.22809 -4.84119 -6.33226 1
-3.36665 -3.65334 -2.8853 1
-1.35474 -0.654282 -1.59204 1
-0.245825 -4.03957 -0.261761 1
-0.361397 -2.43374 -3.75468 1
-5.79246 -4.33561 1.36805 1
-2.26224 -2.36544 5.2246 1
-1.48259 -5.04833 4.37254 1
-0.844455 -2.87794 3.28917 1
1.01024 0.547872 3.58316 1
-6.54967 -3.91227 9.51983 1
7.61641 -1.11473 6.45065 1
6.17258 2.90408 3.8043 1
-4.56963 -4.9898 6.98828 1
-4.99149 -2.11408 9.41977 1
-2.07984 -5.08451 9.60204 1
-2.3636 -0.0888826 5.87649 1
-3.43024 -3.60857 8.42473 1
1.04846 3.0312 8.94337 1
-1.02196 -3.39441 10.7146 1
4.19474 -2.60294 7.50387 1
-1.77503 1.32596 -7.16535 1
-4.06275 0.0197671 -2.68943 1
-3.95125 1.21693 -6.35625 1
-1.92716 -1.11343 -7.28415 1
0.535671 8.04031 -10.4652 1
-2.07734 3.12212 -10.5127 1
-2.15645 3.52432 -6.16397 1
-0.316996 1.16884 -5.35109 1
0.79017 8.65509 -2.91632 1
-5.23896 2.37035 -1.11711 1
-3.37772 2.50641 0.323761 1
-1.82165 1.46571 -1.06939 1
-1.36037 2.78483 -4.03337 1
-0.316811 2.76701 0.0686161 1
-2.02907 4.40496 0.309167 1
-1.45499 -2.11748 0.11671 1
0.00165767 4.21785 -2.95768 1
-2.03729 -1.8689 9.2066 1
-5.11213 2.66731 3.68012 1
-0.251548 -3.68002 6.0181 1
3.4834 4.20095 1.85511 1
-8.69957 4.11861 -0.666541 1
-2.11593 4.34541 4.78503 1
2.75406 2.26678 3.11939 1
2.37227 6.23565 1.39788 1
-4.42977 0.958929 6.38937 1
-4.05186 3.25662 5.64995 1
1.52458 -0.943211 1.79668 1
-0.443 2.86864 4.72125 1
-1.69436 0.170509 8.15838 1
0.406807 3.77245 6.75495 1
-5.75129 8.75756 -9.05235 1
1.7069 10.0316 -10.5615 1
-7.4269 7.69766 -5.32192 1
-5.91625 10.6241 -7.45973 1
-1.46183 5.53492 -7.04008 1
-3.33627 8.97282 -9.76308 1
-2.71789 6.68677 -8.59182 1
-0.0608362 6.71187 -5.67593 1
-4.46485 5.47538 -4.05238 1
-1.07643 5.53917 -1.45228 1
-1.10662 7.75498 -3.90792 1
-2.76607 6.64615 -2.71185 1
-1.73562 9.35157 -0.116373 1
-3.22799 7.66018 -0.609123 1
-3.30941 6.04669 1.2802 1
-2.58718 6.28198 3.49791 1
-0.632235 7.47288 3.23253 1
-0.438938 9.48395 4.41451 1
1.21258 6.08888 3.36094 1
-0.173731 8.04409 1.03181 1
-4.2243 6.87591 5.13572 1
-5.32805 8.1041 9.44595 1
-0.918396 4.24332 9.55426 1
-1.05012 7.33164 7.64833 1
-1.51823 5.06904 7.25337 1
0.500963 8.85439 6.45517 1
-2.58238 7.13945 9.59463 1
-1.13024 9.56785 -10.0932 1
0.431176 10.6375 7.88561 1
-5.27202 8.94744 6.0484 1
1.00756 9.60644 9.82839 1
-2.13559 10.3827 5.70753 1
-2.7634 -6.46188 0.319192 1
-4.78065 -10.1446 6.48985 1
5.58826 -6.66689 -9.09527 1
2.4127 -6.61391 -9.94086 1
3.3226 -8.92849 -6.69807 1
6.19972 -8.80525 -9.79354 1
3.55818 -6.91733 -7.96023 1
2.83013 -7.25989 -4.9488 1
4.69203 -10.1767 -4.81209 1
3.91237 -8.54374 -3.32488 1
2.77355 -9.87348 -1.82633 1
7.28935 -4.4833 2.15836 1
7.11885 -6.02082 4.06431 1
5.04336 -7.34306 -1.71029 1
1.13938 -10.4906 2.12509 1
1.11131 -7.50054 4.48973 1
3.49513 -10.381 4.86445 1
3.33156 -7.68932 1.73271 1
2.35473 -9.06907 3.35409 1
2.62391 -6.18577 5.77438 1
5.24145 -9.11505 5.64037 1
3.80133 -6.35166 3.6045 1
0.957067 -10.0408 7.29862 1
1.0202 -6.40252 10.2131 1
4.06459 -7.59045 6.8939 1
4.37069 -10.4666 9.18299 1
5.36542 -9.02569 10.7261 1
5.2937 -6.24153 8.35539 1
1.45083 -1.32353 -9.3302 1
5.23379 -3.38804 -10.1416 1
-0.80107 -4.50989 -10.3266 1
1.61699 -3.60091 -6.20486 1
5.10945 -9.84204 -8.00371 1
3.73532 -1.60387 -9.61544 1
4.67412 -1.10484 -2.82789 1
2.6684 -1.4523 -5.57448 1
3.13189 -5.35175 -6.32062 1
4.88375 -0.618465 -7.89238 1
1.08621 -6.15236 -3.92591 1
1.85072 -1.31975 -0.570815 1
8.01777 -3.72497 -0.172221 1
7.26683 -0.183223 -0.246899 1
3.96444 3.25967 6.86159 1
5.47657 -0.756376 3.27887 1
3.93877 -5.26775 -1.33782 1
3.94284 1.47033 -0.045294 1
0.930204 -4.84737 1.50759 1
1.68143 -2.73476 5.13071 1
3.61532 -4.03126 3.23216 1
3.89907 -1.96637 0.448028 1
1.47198 -3.01659 2.81695 1
3.67144 -3.95279 5.6163 1
6.04602 -4.12661 5.28079 1
10.4106 1.88803 7.69428 1
2.82348 -9.028 8.26609 1
3.15506 -7.10537 9.62313 1
5.44684 -0.745206 7.07519 1
9.22749 3.01652 9.51125 1
4.44713 -4.23841 9.13652 1
8.65323 -0.823855 10.073 1
7.93108 -1.07069 -10.5934 1
2.13042 4.49671 -10.4737 1
0.693799 0.842249 -9.69344 1
1.82571 1.78557 -5.1625 1
3.47196 0.590889 -6.52066 1
3.95317 3.35539 -9.67268 1
2.9853 2.63436 -7.69096 1
2.70007 4.0863 -5.64815 1
5.13917 1.69492 -5.3642 1
5.28678 4.45914 -8.09999 1
0.443361 -0.980961 -5.27511 1
1.31449 3.17566 -1.42598 1
3.16799 0.143185 -1.73734 1
4.10429 3.13145 -3.94594 1
2.41418 1.87225 -2.93884 1
3.23195 3.66722 -0.318809 1
8.37353 4.80918 -0.169821 1
5.46088 4.32243 -2.60736 1
3.60701 0.189525 1.8781 1
1.00377 3.79202 3.32824 1
6.65177 1.11917 2.47863 1
6.11258 1.72409 0.231266 1
-1.38964 0.857111 3.86555 1
2.69508 8.18782 6.58139 1
4.32103 -0.0503886 5.20243 1
5.52853 4.80374 2.74323 1
-3.07457 1.29577 9.69886 1
0.23428 0.849726 9.18626 1
2.52726 -1.71446 8.98563 1
1.8282 0.0137665 7.68884 1
2.04734 -0.491261 5.43192 1
2.57739 4.1608 10.4078 1
3.96702 0.899389 10.8195 1
5.78857 4.12249 7.97146 1
6.02322 8.70531 -6.33022 1
6.88023 5.75332 -9.00693 1
5.53971 10.4776 -10.4836 1
1.76311 6.49439 -9.39186 1
1.47502 8.21338 -6.48115 1
4.05849 5.71705 -6.63475 1
4.95695 8.88882 -8.49304 1
3.13115 7.4414 -7.85934 1
2.12949 9.51552 -4.73132 1
5.19419 6.95243 -5.04314 1
6.30726 7.69766 -9.9926 1
1.33018 5.44215 -4.31989 1
4.08407 5.57785 -1.32738 1
3.75 8.14729 -3.63108 1
2.26381 6.72258 -2.4544 1
3.44454 9.95606 1.06278 1
5.52133 6.84351 -0.0177857 1
5.13161 9.52382 -2.40169 1
0.87048 6.53925 -0.449982 1
2.4043 4.89863 6.553 1
4.83436 6.74234 3.90077 1
4.11056 7.81931 1.59926 1
2.80594 6.53787 4.92568 1
6.23536 7.04733 5.6588 1
6.39689 8.04981 2.493 1
-3.35326 9.3044 9.10069 1
0.698506 7.38278 9.25325 1
4.29647 5.35602 9.38708 1
6.75949 8.0213 9.42187 1
2.60083 6.51922 8.23143 1
3.12599 9.72607 10.3484 1
5.43373 6.72969 10.8202 1
4.38242 9.68463 7.07865 1
1.18525 9.9011 1.09821 1
1.33923 -9.94832 -7.08837 1
4.74473 -8.66716 0.197112 1
8.5563 -5.83943 5.97491 1
-2.6025 -0.461353 -10.436 1
8.26931 -9.58721 -10.7344 1
6.51846 -9.48752 -6.22028 1
10.5608 -9.34398 -4.42421 1
9.60162 -9.06944 -8.91398 1
8.33772 -10.3036 -7.41053 1
6.70309 -7.52445 -5.15391 1
6.99866 -7.48476 -2.91207 1
9.9126 -5.62721 -1.52013 1
8.75569 -8.99883 -3.00457 1
6.33172 -8.90301 1.85809 1
10.1106 -9.28647 0.430434 1
8.08764 -5.50333 -3.16214 1
9.39079 -9.77645 4.593 1
5.65924 -7.77997 3.79732 1
8.36255 -8.09714 1.33746 1
8.26174 -6.05193 0.3156 1
8.74388 -7.76899 3.55227 1
10.6515 -6.52815 3.43154 1
6.81294 -10.2622 6.89111 1
6.72294 -7.60477 9.57069 1
9.31684 -10.2796 9.68361 1
9.43399 -7.6608 6.99576 1
8.06807 -8.9283 8.29238 1
6.99645 -3.33136 -8.50163 1
10.4567 -3.65398 -10.262 1
10.1754 -5.67151 -5.45632 1
6.19169 -2.08675 -6.79261 1
9.05681 -2.349 -9.0553 1
7.97309 -5.77601 -5.78597 1
7.5167 -1.01272 -5.32782 1
10.2533 -0.762745 -7.82029 1
10.2098 -8.03391 -1.52945 1
4.96739 -3.13557 -1.65952 1
10.1767 -3.13677 -0.758758 1
8.23285 -2.00274 -3.40574 1
7.11322 -3.64346 -2.33809 1
10.0548 -0.843793 0.149019 1
10.59 -2.20934 1.97491 1
10.4259 -2.52568 -3.00199 1
5.36228 -2.96379 2.23518 1
7.07694 -2.15266 4.44808 1
9.94974 -4.65029 4.53971 1
6.33071 -2.1725 0.12631 1
8.85862 -3.12874 3.22673 1
8.76871 -2.88162 7.45785 1
7.08304 -4.70272 7.34076 1
6.43862 -1.00977 10.5422 1
9.49981 -3.03616 9.74846 1
10.0684 -5.32969 10.448 1
5.75885 -3.24893 10.7384 1
8.01823 4.36554 -10.3837 1
10.6692 1.87317 -10.5468 1
6.57284 0.271219 -9.28396 1
6.41416 2.98818 -6.76537 1
8.92305 0.507164 -6.35698 1
9.41885 3.09147 -9.08844 1
7.86232 1.73378 -8.00362 1
7.76558 4.1102 -5.32127 1
6.15661 0.230972 -3.96662 1
6.98454 3.19228 -1.29434 1
8.87422 -0.268333 -1.93701 1
8.94908 2.32908 -4.44137 1
7.67308 1.51039 -2.7618 1
9.06438 6.15912 3.18526 1
9.32626 2.96538 1.19294 1
8.69348 0.727046 1.42152 1
8.91659 4.62105 5.3162 1
9.74256 0.0937068 6.16997 1
3.18173 1.75408 8.44858 1
5.47425 0.573903 8.96689 1
7.47287 -4.30311 9.64583 1
4.30801 2.21223 4.8859 1
10.4779 4.08067 6.90637 1
8.43676 8.73438 -9.92739 1
10.2298 7.39119 -10.4752 1
8.19352 6.64356 -7.38154 1
7.96155 6.48092 -1.98214 1
9.46602 5.29353 -6.21345 1
8.3752 8.7222 -6.46204 1
8.45707 9.84547 -4.36549 1
9.04629 10.5595 1.29908 1
6.76724 5.65917 -3.88511 1
10.6326 5.83226 -0.521429 1
8.8217 9.26803 -2.18874 1
10.2783 7.41888 -2.30837 1
6.79429 8.51459 -1.12504 1
7.22935 5.94626 1.58285 1
8.39919 6.79643 8.23364 1
9.94935 3.92872 3.21881 1
10.1503 10.4548 9.57106 1
7.26304 5.39738 6.73709 1
6.43298 10.302 10.0659 1
7.00799 2.36251 8.8838 1
9.61067 8.4449 7.21095 1
8.79289 10.1957 -8.1875 1
6.19196 10.1058 -4.39827 1
6.96091 9.7005 1.02282 1
8.23544 10.2187 6.42075 1
10.636 9.87622 2.79491 1
6.43086 8.7606 7.1059 1
9.9756 -10.7658 -6.0219 1
9.82238 4.06941 -3.24651 1
8.39329 0.525534 8.21718 1
10.4262 6.03561 -4.25112 1
9.85485 5.17334 8.89186 1
