V 5.43 5.43 5.43 4 4 4
O 5.594837 5.55465 5.56715
D 12.047476

-6.5593 10.5009 0.36397 1
-9.87998 5.405 8.27531 1
-8.8341 -3.13039 -0.995846 1
-8.33774 -5.14154 -8.34557 1
-9.56528 -6.8244 7.10832 1
-10.2998 -6.21494 9.38478 1
-8.40587 -3.7089 -5.70338 1
-9.44915 -3.16015 8.13887 1
-8.82394 -4.56446 9.92072 1
-5.0755 1.67828 -9.9529 1
-9.25789 5.76784 -8.11166 1
-10.2411 10.2499 -5.77335 1
-7.96389 7.3409 -7.00431 1
-8.52744 9.98957 -10.0797 1
-10.1852 6.92264 -3.91672 1
-9.09884 8.31172 -5.27793 1
-9.8726 9.40772 -1.05715 1
-9.22004 8.00239 5.29702 1
-7.13965 8.95568 -4.38067 1
-9.06311 7.72186 3.08914 1
-8.30599 4.36616 1.81702 1
-9.89706 5.83393 0.763025 1
-8.31892 9.48738 1.71834 1
-6.67109 7.35142 7.78135 1
-10.4762 6.35051 6.27531 1
-10.8131 6.95929 9.62275 1
-7.66148 5.35741 8.49408 1
-7.24858 6.46551 -1.38438 1
-5.46422 9.79788 -1.51888 1
-10.1818 10.8081 0.999065 1
-7.25854 10.0082 3.73808 1
-7.63222 10.7261 6.92195 1
-7.18654 8.70127 5.89454 1
-6.7754 10.6716 9.02367 1
-4.97239 10.8339 -3.83576 1
-9.64614 -10.3412 -8.22668 1
-9.29297 -10.1363 -4.52504 1
-6.57093 -5.12937 -0.0974886 1
-2.37683 -4.73975 -0.561715 1
-7.89834 -0.124054 -4.87001 1
-10.0266 -5.16036 -6.6659 1
-6.70182 -8.32074 -6.81156 1
-9.37457 -5.90031 -10.3528 1
-10.7497 -6.64239 -4.92447 1
-6.61736 -6.08447 -7.17785 1
-8.75129 -9.17342 -6.5566 1
-9.32057 -6.07351 -3.03996 1
-9.12026 -8.55142 -2.551 1
-7.53613 -4.65593 -3.75417 1
-10.2796 -4.64996 0.107256 1
-4.41457 -7.64932 -3.66536 1
-9.80505 -5.51391 2.22337 1
-5.83531 -4.07268 5.6284 1
-5.23132 -9.97081 -1.31912 1
-9.93704 -10.684 7.0258 1
-10.7637 -3.75949 6.33929 1
-8.84065 -8.93627 7.99072 1
-5.61986 -7.77152 6.73502 1
-9.80544 -8.33352 10.0742 1
6.0664 7.19154 -8.1928 1
-7.01559 3.71872 -7.56546 1
-3.47153 0.0695846 -9.55861 1
-9.78661 -1.07448 -10.7379 1
-7.57443 -2.95851 -7.78996 1
-9.04345 1.26929 -6.29989 1
-8.88791 -1.24132 -8.58345 1
-7.06912 -10.5378 -3.94589 1
-9.32851 -1.94413 -4.68428 1
-7.70634 1.13013 -0.332325 1
-2.87936 -2.43602 -0.5691 1
-7.87472 0.950416 -2.69712 1
-9.27727 -1.64841 4.05674 1
-7.58025 -6.91356 -1.38263 1
-10.1932 -2.17115 -2.59485 1
-7.36646 -1.47126 5.20074 1
-3.3591 -6.01415 3.50481 1
-7.67358 -2.24541 0.799765 1
-6.62401 -5.73523 7.05847 1
-8.59418 -4.16197 3.63229 1
-7.97395 -1.07817 10.2473 1
-6.6566 -4.69664 9.1516 1
-4.80172 -2.27627 10.8181 1
-10.6034 6.7264 -9.65379 1
-9.83077 2.56912 -10.1871 1
-8.22301 4.198 -9.46603 1
-10.462 4.39486 -6.68639 1
-4.45398 6.94599 -4.02141 1
-6.1128 7.88783 -2.66583 1
-10.774 -1.00626 -7.17942 1
-8.27645 3.6251 -3.76045 1
-8.84905 5.53547 -2.69204 1
-10.0725 1.73182 -3.41732 1
-4.51473 2.33112 1.07901 1
-9.40041 -1.3214 1.85819 1
-10.7071 5.3319 -1.34865 1
-9.63544 0.761808 0.955123 1
-9.79505 3.5844 3.36662 1
-7.45166 6.4513 2.21847 1
-6.76118 3.07803 0.622622 1
-8.62907 -4.95371 5.90128 1
-7.46116 -2.93229 6.96451 1
-7.94339 2.04454 6.24125 1
-10.2058 1.46575 6.3092 1
-10.7578 0.937179 8.61279 1
-3.23891 2.18955 6.4988 1
-10.1026 -1.29824 9.23874 1
-8.42931 1.19281 9.7551 1
-7.36581 9.09054 -8.36597 1
-5.31653 5.20829 -7.48727 1
-5.28718 6.26824 -9.52133 1
-5.39398 8.47326 -9.28178 1
-1.94362 9.32123 -10.4491 1
-5.68346 7.06748 -6.07484 1
-8.51175 7.66325 0.129318 1
-3.22931 5.05991 -3.31412 1
-4.00121 9.66148 -7.83104 1
0.370413 8.65604 -3.6589 1
-3.29309 9.25531 -1.10773 1
-1.85398 5.97231 -1.63371 1
3.5936 8.35261 -0.929478 1
-5.81316 4.92786 -0.469497 1
-5.35669 6.82719 2.8736 1
-1.30686 4.93797 0.404032 1
-2.94933 7.29114 -0.0644413 1
-4.32568 5.85679 1.07715 1
-4.91471 10.3794 4.03311 1
-3.2954 6.13552 7.78865 1
-1.29773 7.27813 1.64191 1
-5.09545 3.61192 9.53534 1
-5.01219 8.05944 4.86122 1
-4.45057 3.95848 7.32516 1
-0.842078 7.05104 10.677 1
-6.15729 8.5689 9.69901 1
-1.38883 2.42894 10.5207 1
-3.38106 8.20271 6.6404 1
-6.71032 5.04804 10.6511 1
-2.97804 6.37922 10.1268 1
-3.90031 8.63194 10.6117 1
-5.48213 9.63619 -6.00505 1
-1.55748 9.46671 -4.54812 1
-3.43553 8.97737 -3.44271 1
-1.97463 10.644 0.116855 1
-3.6351 9.594 8.42558 1
-3.10017 4.01648 10.7024 1
-1.78909 -4.1485 -7.77122 1
-3.4959 -10.3138 0.115563 1
4.78375 -9.47527 -3.20492 1
-1.38302 -10.369 5.5241 1
-4.80403 -8.83445 -8.16086 1
-2.08438 -10.756 -10.1705 1
-3.09047 -8.69246 -9.71868 1
-0.641212 -5.94203 -1.69824 1
-2.96023 -10.4797 -4.40873 1
2.37067 -3.79132 -8.98971 1
-7.5365 -10.161 -1.69159 1
1.67919 -10.0421 0.621699 1
-3.83643 -10.3754 -6.56944 1
-5.54749 -9.12919 -5.00959 1
-4.365 -5.9835 -0.135336 1
1.72793 -10.5619 -1.74282 1
-0.553795 -10.6626 -1.89218 1
-3.68929 -10.7875 2.41427 1
-1.86764 -8.70756 0.143902 1
-3.73553 -8.48672 3.29158 1
1.12975 -6.67766 2.77593 1
2.2876 -7.89404 -0.146874 1
-6.54481 -9.25734 8.22093 1
-1.89958 -10.162 9.88726 1
-3.31774 -7.87282 6.75349 1
-5.99722 -8.94512 10.4648 1
-2.58147 -8.01912 10.6746 1
-5.34155 -2.68556 -7.73928 1
-4.60196 -6.38298 -8.17406 1
-3.96825 -4.14905 -8.68306 1
-3.63704 -3.52941 -10.8375 1
-2.9402 0.566757 -6.13752 1
-2.27335 -8.42567 -3.76709 1
4.26018 9.39914 -4.94404 1
-5.90261 -5.12827 -5.24617 1
-6.73321 -3.6001 -1.84769 1
-0.936235 -8.3126 -1.93806 1
-3.78483 -5.66075 -4.62595 1
-1.58277 -5.18671 -3.76718 1
-5.14548 -1.88948 -1.50605 1
-2.21898 -1.52152 -2.80356 1
-0.515025 -2.68473 -6.48811 1
-5.3349 -7.62795 -1.58903 1
-6.74835 -3.90888 2.11564 1
-2.93299 -7.10002 1.32574 1
-3.27509 -2.69236 1.78518 1
-1.48889 -3.56654 3.0488 1
-5.84427 -2.53192 3.84802 1
-1.23781 -5.41745 1.41722 1
-4.51232 -4.65864 1.91395 1
-5.58737 -8.72818 4.64402 1
-6.3733 -2.30734 8.99292 1
-2.76434 -5.65056 7.31058 1
-2.9809 -2.80978 4.73503 1
-3.76369 -4.82476 5.42809 1
-1.2547 -5.18349 9.93671 1
-2.18482 -2.08927 6.79871 1
-3.38955 -5.94967 9.57586 1
-8.67181 1.07207 -8.57717 1
1.24127 5.83853 -5.65215 1
-4.36491 -0.673576 -7.53361 1
-3.84502 4.99731 -10.7981 1
-6.51314 1.59357 -8.16778 1
-4.17133 3.61544 -8.90516 1
-2.77007 2.71631 -7.27524 1
-0.177446 5.12513 -7.17249 1
-6.01947 0.392928 -6.24626 1
-6.23197 2.54096 -3.32954 1
-4.32705 -0.80437 -3.39554 1
-3.35356 3.22692 -4.99906 1
-4.65919 1.23309 -4.53317 1
-4.7131 3.74657 -2.10902 1
-1.95488 0.660507 -1.73978 1
3.29599 7.86568 9.2393 1
-6.24471 -0.647286 0.107625 1
-5.49219 -0.277483 8.17423 1
-4.01468 -0.99233 3.48414 1
-4.83301 0.16699 1.66333 1
-1.3627 3.63956 3.3513 1
-1.89497 0.0267245 3.81157 1
-6.46699 0.338733 6.16898 1
-6.86577 3.99403 6.8253 1
-6.06037 1.49771 9.55205 1
-2.65301 -1.41452 10.6162 1
-4.51297 0.733017 5.15394 1
-5.34589 6.08055 6.32424 1
-3.24666 -0.721845 8.37002 1
-1.5188 2.04045 5.02581 1
3.02008 8.48933 -9.88912 1
1.7078 6.54481 -10.1421 1
-0.778569 8.51268 -8.63718 1
-1.57825 5.36598 -10.779 1
-0.301881 6.30112 -9.08986 1
3.18984 5.76856 -6.63248 1
2.98223 10.3657 -8.38249 1
-1.08089 3.77308 -4.12165 1
0.80667 5.08958 -3.588 1
2.44471 4.30009 -2.14289 1
2.21957 10.2927 -4.21553 1
5.87938 6.00572 -3.68318 1
0.185332 6.82314 -2.28975 1
4.59461 4.55208 2.82671 1
9.95383 3.1824 -6.62639 1
0.220132 2.35647 2.19752 1
2.28234 2.05793 3.07816 1
1.90765 9.61975 -1.95624 1
2.43621 5.02908 0.206765 1
0.589649 8.47409 0.927338 1
2.95602 3.91728 4.3297 1
3.41711 6.43135 2.03007 1
-0.514747 0.161913 2.0213 1
1.11434 6.07488 6.95998 1
3.33698 2.82794 6.27421 1
4.85013 6.87824 6.00836 1
-1.16368 5.95913 3.53924 1
2.04223 5.88501 9.11469 1
4.98084 10.5434 -6.89409 1
0.595004 10.5366 -8.93857 1
5.83563 8.40468 -3.40948 1
0.284288 10.2933 -0.474851 1
0.180347 6.9927 5.00291 1
2.12615 7.41641 3.72017 1
-3.03694 3.99523 1.71299 1
4.90912 8.70885 7.58446 1
5.49703 7.91166 10.3361 1
-1.8081 9.61726 2.17195 1
-0.324035 9.21193 10.3024 1
1.86565 9.59511 9.6882 1
-1.80524 -8.18985 4.691 1
1.66885 -10.2138 4.32231 1
-1.93826 -10.7055 -7.84331 1
-8.56483 3.453 -5.95557 1
-1.71395 -7.40218 -8.41859 1
3.59508 -10.7787 -6.96406 1
4.24642 -7.1748 -5.26325 1
-0.0711055 -8.16205 -6.98345 1
6.09908 -10.3729 -4.8269 1
6.2201 -5.309 -7.04852 1
1.98833 -10.3898 -5.34614 1
4.58907 -8.83606 0.132641 1
4.03309 -10.6526 -1.38494 1
2.86075 -8.66371 -4.12507 1
0.156439 -8.68191 3.40614 1
2.95362 -10.6757 2.45008 1
-0.387729 -9.78751 1.48184 1
3.23516 -9.1769 5.85235 1
2.96063 -5.76727 3.96406 1
-2.26919 -9.79983 7.65222 1
3.18014 -8.55602 9.65497 1
1.76595 -9.34393 7.70677 1
0.175363 -9.44696 10.7392 1
4.83259 -5.81371 10.747 1
1.98029 -10.7309 9.8106 1
1.23554 -5.79249 -9.46345 1
-1.00436 -5.50782 -9.54699 1
4.25463 -5.16278 -8.47812 1
3.93681 -8.46309 -7.55882 1
6.07905 -1.29696 -9.94237 1
1.80067 -7.21905 -7.74611 1
1.77869 -2.5889 -7.0884 1
3.0535 -5.74785 -6.53685 1
4.67261 4.01256 -6.58337 1
-1.20892 -7.06327 -5.25901 1
-0.930142 -3.00142 -4.15673 1
1.46936 -8.08484 -2.35197 1
2.36099 -3.93371 -5.37106 1
1.17647 -3.57323 -3.43874 1
3.79493 -0.769052 -1.76091 1
1.75285 -5.6133 -2.34477 1
3.57957 -1.26277 -6.26675 1
0.820332 -6.09131 0.488496 1
-0.850848 -5.86567 3.90923 1
1.78663 -6.69248 10.0396 1
2.11452 -2.58375 -1.52756 1
2.47674 -4.5841 -0.218691 1
0.40466 -2.59965 3.89114 1
1.14987 -4.56978 4.80685 1
3.16316 -2.97443 1.35612 1
-0.768323 -6.52927 6.35544 1
-1.20975 -3.8663 7.94244 1
-0.33105 -8.33728 7.68905 1
0.686113 -4.79532 7.00696 1
-0.722168 -2.01962 9.32468 1
2.06089 -4.77658 8.81393 1
-0.384314 -7.36486 9.75172 1
0.986949 -3.25523 10.3146 1
10.8267 4.4136 -8.45422 1
8.30169 6.11 -6.05573 1
-2.75612 -6.05061 -6.73633 1
-1.95128 9.36027 -6.84978 1
7.71275 -4.97708 -8.70078 1
6.03649 5.83778 -6.03588 1
0.0699437 1.02694 -8.26295 1
1.23296 2.4011 -1.50475 1
-1.87632 1.68887 -9.21421 1
-0.548071 2.95892 -6.57618 1
-0.887864 -0.503005 -6.80206 1
-0.466101 1.85644 -2.90417 1
4.37141 -1.34476 -3.97035 1
1.6815 7.07468 -0.534114 1
-0.573641 1.0625 -5.07835 1
1.06587 -1.15593 -0.0370248 1
5.46721 0.765621 -0.811875 1
4.61168 4.18917 -2.81879 1
-1.21797 -0.7279 -0.0430252 1
-3.66206 2.02487 -1.03536 1
1.55909 -1.42556 2.32343 1
2.37493 0.694034 -0.536514 1
2.32849 0.779937 5.97641 1
2.77879 -0.0975242 3.86215 1
0.549218 3.6493 0.358893 1
-0.658658 -1.17679 5.3308 1
-2.22701 1.35296 8.43269 1
3.27144 0.163556 7.96616 1
8.52092 3.72781 7.79105 1
0.128376 0.748672 6.23009 1
3.06743 3.91585 8.3234 1
10.5296 0.251795 7.5047 1
9.01026 -1.2509 8.47802 1
-0.29228 0.0585069 8.37971 1
2.90146 1.9635 9.48125 1
0.694052 1.26469 10.0003 1
5.13351 4.47268 9.01941 1
5.14173 7.78602 -10.2366 1
9.27731 6.0777 -8.13908 1
9.67387 9.02851 -9.83937 1
6.83571 9.34652 -7.59279 1
4.86527 8.11326 1.24009 1
7.81577 5.08527 -2.70349 1
6.10905 8.40874 -1.01117 1
7.97168 6.89679 -1.19551 1
8.06214 8.75795 2.36175 1
8.36234 6.14396 0.974508 1
4.28279 3.6183 0.743918 1
2.87173 5.99182 5.41831 1
8.20679 4.16487 5.42478 1
6.6043 6.99353 2.34328 1
10.0572 7.79718 6.83 1
6.44699 6.30818 4.51146 1
5.54947 2.32577 6.09513 1
8.90955 7.10468 9.42697 1
5.80756 6.50972 8.28223 1
10.2764 10.4001 9.38921 1
8.63133 9.10097 8.30115 1
7.31129 9.24055 -9.9491 1
8.4864 8.5652 -6.08795 1
7.92322 9.35058 -3.91728 1
7.1552 9.9273 0.585514 1
1.78211 9.40975 2.63369 1
5.40454 10.3829 2.14832 1
6.69088 10.2323 7.63181 1
5.74267 -9.08266 9.60734 1
4.02718 -7.1912 -9.79226 1
8.75724 -9.9186 0.611176 1
7.55758 -8.59813 -10.7855 1
0.169824 -10.4464 -6.94412 1
7.28 -9.77725 -8.75912 1
9.5884 -4.0066 3.28068 1
8.99401 -8.30664 -8.2708 1
9.27187 -9.03926 -4.52781 1
9.0795 -6.61643 -9.94169 1
5.99163 -8.13905 -1.69749 1
7.9366 -10.6538 -3.48961 1
7.91297 -9.35523 -1.46912 1
6.11902 -9.07545 -6.82163 1
7.97666 -2.25126 3.32758 1
9.44993 -7.91602 -2.50567 1
5.06659 -9.70084 2.24829 1
5.92683 -8.05094 3.66091 1
9.32771 -8.02224 1.85063 1
5.52612 -6.00914 6.89536 1
7.29652 -9.28902 5.00994 1
8.53662 -8.58594 6.82798 1
8.34646 -1.10624 -9.77334 1
8.24926 -3.13156 -4.3396 1
5.91474 -4.98718 -10.1468 1
10.2 -4.22598 -9.96734 1
6.69651 -7.10728 -5.66525 1
4.37547 -3.59579 -4.40763 1
5.60504 -5.56129 -1.78963 1
6.30936 -3.71371 -5.50233 1
3.92998 -5.62113 -3.38622 1
6.52269 -1.96077 -3.17667 1
8.61341 -4.93572 1.22458 1
9.80709 -0.155597 -3.88561 1
4.18263 -6.28179 -0.0884421 1
4.20866 -4.153 2.97228 1
6.19896 -3.25364 -1.21749 1
7.53228 -6.67255 2.63849 1
5.85843 -3.01468 4.05148 1
8.37295 -5.56417 4.52004 1
8.92274 -1.39123 1.29888 1
4.32811 -7.1946 5.18033 1
4.35387 -4.96 8.627 1
6.76076 -7.68355 8.01832 1
6.87513 -4.33008 5.79863 1
9.70771 -1.51269 10.854 1
5.27789 -2.92782 9.15991 1
9.72469 -3.77657 9.85439 1
8.54492 -2.93754 6.81302 1
7.35801 -3.49847 10.1131 1
6.74174 2.58865 -10.2124 1
10.2336 8.16965 -7.78054 1
4.3967 7.65632 -6.47841 1
8.70877 1.2686 -9.77032 1
1.71334 0.508869 -9.74711 1
3.88724 0.947821 -9.24974 1
5.28786 2.64721 -8.32498 1
8.67647 1.49116 -7.49337 1
5.05976 -0.595084 -7.8998 1
4.66836 2.85777 -4.62936 1
7.51068 0.0880829 -3.49459 1
6.49685 1.05782 -7.06311 1
6.17404 1.22563 -4.88211 1
5.63033 3.13707 -1.04173 1
7.62774 1.01681 -1.44844 1
9.00629 4.32486 -4.65649 1
4.78588 -1.91735 0.123317 1
3.5864 1.51047 1.26999 1
7.76251 0.432271 2.19097 1
8.02577 3.31611 -1.13062 1
5.49039 0.0180291 1.5184 1
6.13139 3.9474 4.48422 1
7.97814 -0.0706619 4.56094 1
9.47154 2.12002 2.38962 1
4.81228 1.84419 10.7859 1
4.95176 -0.803862 3.74353 1
5.17155 -1.06991 7.63218 1
9.16109 4.19669 9.99582 1
5.93264 0.0830065 5.64807 1
6.49296 2.86246 8.12909 1
7.94593 5.98964 7.70871 1
6.82685 1.44579 9.91867 1
7.83699 6.75676 -9.78339 1
9.36049 8.3084 -2.37219 1
9.99838 7.46192 2.02389 1
9.7869 10.4954 -1.63999 1
8.75447 3.86628 0.988912 1
8.54658 6.5403 5.49936 1
10.8096 9.43606 2.99398 1
10.2002 6.39328 3.98113 1
8.85509 10.1396 4.15219 1
7.24021 -6.781 -3.37477 1
10.7086 -9.75795 -7.83648 1
10.6745 -10.427 -5.61061 1
9.51326 -10.5283 7.86434 1
10.8519 -3.54056 -1.33961 1
8.96457 -2.9367 -8.41121 1
9.0854 -7.42465 -6.16346 1
8.79389 -5.14826 -3.41732 1
10.4201 -5.74145 -1.89227 1
9.4132 -2.0663 -2.29659 1
10.346 -6.39665 0.472803 1
9.78224 -7.07621 5.54219 1
10.3672 -3.94627 7.71406 1
6.9282 -0.530939 8.92388 1
10.0946 2.24063 -3.73469 1
8.2187 -3.11529 -0.190167 1
10.314 2.84769 -1.56513 1
9.28017 -0.344445 -0.720857 1
9.0097 2.10055 4.65242 1
9.66151 -1.24913 5.62887 1
10.1124 2.36076 6.67585 1
9.45298 -2.45051 -6.20592 1
