V 5.43 5.43 5.43 4 4 4
O 5.588134 5.548352 5.571444
D 10.5445

9.15024 -10.0459 -1.20295 1
-2.64827 -9.50332 4.95334 1
-9.58731 -9.88788 -10.4716 1
-5.91013 -10.6955 -10.3035 1
-9.27853 -5.02821 1.94016 1
-6.81366 -10.8138 -4.26692 1
-6.81421 -10.7877 -8.07311 1
-7.06696 -3.169 -0.540272 1
-6.92499 -8.55132 -7.38396 1
-9.2152 -8.73077 -1.83457 1
-5.17655 -8.05562 -2.76602 1
-9.85549 -8.92518 0.345323 1
-2.97938 -7.33883 -2.89443 1
-7.05154 -9.36134 -2.38033 1
-7.89729 -6.07013 5.36717 1
-4.32979 -4.41057 1.19347 1
-6.19167 -6.37077 3.94476 1
-3.49327 -9.65027 10.5513 1
-1.78341 -8.2683 9.7932 1
1.59551 0.0939718 -10.0754 1
-3.77279 -3.2663 -9.1499 1
-8.08486 -3.54517 -10.2833 1
-6.31344 -6.6466 -10.6271 1
-9.8377 -7.95759 -9.15816 1
-9.49666 -5.4786 -6.67577 1
-6.97539 -5.14896 -9.07603 1
-8.22582 -6.77767 -8.06408 1
-7.67676 -3.15294 -4.55987 1
-6.30476 -6.87562 -4.44807 1
-5.43548 -4.10041 -7.66561 1
-9.79485 -8.59471 -5.20237 1
-8.71507 -4.49171 -1.71427 1
-4.75912 -2.21969 2.03339 1
-7.90634 -5.3009 -3.83782 1
-5.61908 -2.70486 -3.64847 1
-5.05719 -2.0563 -1.56879 1
-6.81043 -4.67633 1.11602 1
2.12001 0.848329 3.62777 1
-10.5926 -5.07778 5.76974 1
-7.87559 -7.55917 8.62137 1
-7.87994 0.14428 -0.69742 1
-10.3247 -7.08885 1.74852 1
-7.34269 -5.50509 7.50664 1
-4.4869 3.00949 3.71768 1
-5.55501 -2.35759 4.21053 1
-2.13068 -10.6627 6.85207 1
-5.86906 -4.83132 9.35764 1
-5.52668 -7.18873 9.05321 1
-6.65 -3.31734 6.90598 1
-6.90644 -2.51305 9.12272 1
-3.69358 -1.95014 9.11422 1
-6.68378 1.76903 -10.3885 1
-8.18622 0.218313 -2.96314 1
-9.45262 -2.29759 -8.94143 1
-9.28924 0.544167 -6.71833 1
-6.85317 -2.486 -6.63146 1
-6.19592 0.102372 -8.88114 1
-7.97141 -0.933439 -7.86874 1
-8.30881 2.4727 -5.64592 1
-5.49095 -1.04348 -5.34206 1
-5.17719 1.69435 -7.54604 1
-9.17846 -1.69362 -3.71198 1
-9.97656 -0.731188 -0.160536 1
-6.14358 -0.942578 0.542682 1
-6.68637 1.00591 -4.4799 1
-6.38618 3.78804 -0.561097 1
-3.97467 0.06914 -2.16954 1
-5.40289 3.858 -2.6768 1
-9.44136 -0.471612 2.16291 1
-9.31812 1.27249 6.06873 1
-4.50028 -3.69619 5.90479 1
-7.24761 0.548322 2.30949 1
-7.64316 0.0113535 4.5842 1
-4.47813 -0.526537 5.25105 1
-6.19887 0.605922 6.31058 1
-6.75579 2.61478 3.58014 1
-7.75301 2.64865 8.35339 1
-5.56554 -0.588754 9.65968 1
-3.70023 2.84767 7.52455 1
-7.30419 0.289576 8.3546 1
-8.87928 6.62389 -9.36598 1
-9.14892 4.81184 -6.0802 1
-2.87425 3.39738 -4.2002 1
-7.06512 5.24607 -8.86329 1
-6.88835 3.2603 -7.41241 1
-7.58907 7.65564 -4.10661 1
-7.44654 4.50639 -3.43753 1
-6.03373 6.36117 -7.14309 1
-7.30733 5.81452 -5.33109 1
-8.0304 5.41453 -1.24382 1
0.391964 3.11703 0.951338 1
-4.52106 6.25834 -2.84118 1
-3.73586 6.50785 -0.67605 1
-7.75439 7.02803 0.486742 1
-4.81774 4.95511 0.640899 1
-6.63366 7.03772 -2.20412 1
-9.3436 3.19992 1.53945 1
-9.16673 5.77547 4.11056 1
-6.35073 5.9912 1.94117 1
-7.86766 4.46799 2.80658 1
-7.91769 7.03882 5.5133 1
-5.07316 7.41471 3.18967 1
-3.24847 7.53111 8.05755 1
-10.8521 4.70578 9.65257 1
-6.70871 4.15524 9.73464 1
-4.6825 6.08711 6.8073 1
-5.73493 7.53915 5.34806 1
-6.01878 10.2191 8.01804 1
2.05603 6.46105 6.73151 1
-4.66173 4.73144 8.91456 1
-4.29073 9.89366 -7.64755 1
-7.85012 10.6387 -5.48914 1
-6.05728 8.65563 -7.03872 1
-7.7928 9.99456 -7.77116 1
-2.01262 8.60071 -4.47525 1
-9.72333 8.2551 -3.80731 1
-6.57551 8.73382 -0.589196 1
-6.0618 9.19103 -4.80817 1
-7.44395 10.4665 -1.90725 1
-4.34289 8.64945 -0.0694256 1
-9.10636 8.60671 1.49311 1
-7.39106 10.2483 1.10365 1
-9.23588 8.332 6.7677 1
-8.06613 9.36513 8.46712 1
-5.22279 9.68932 5.93838 1
-5.75552 -10.3297 3.10299 1
4.24674 -2.70191 -4.42905 1
-3.81599 -10.0235 -6.65725 1
-2.58061 -8.99063 -4.91131 1
0.448181 -8.31288 -9.29785 1
-3.83639 -10.1255 -3.08594 1
-0.423595 -9.84247 -4.3699 1
-1.66248 -8.53425 -1.39582 1
0.42021 -7.44323 2.90517 1
5.05583 -8.47885 4.80713 1
-1.61467 -10.552 -2.47005 1
-0.583476 -9.37075 3.7967 1
1.1489 -10.8093 4.20849 1
-3.13917 -7.42163 5.81377 1
2.99234 -8.6344 8.21373 1
-0.0850016 -7.90331 5.73576 1
-0.242667 -9.59646 7.50268 1
0.0870645 -9.90746 9.99943 1
2.00988 -10.8555 8.84745 1
1.8043 1.66435 -8.38469 1
-2.75027 -6.25779 -9.94865 1
-0.466611 -6.37456 -10.2477 1
2.26761 4.16549 -5.76003 1
2.83846 -5.76901 -8.11071 1
-5.07777 -8.43751 -9.93481 1
-4.90211 -5.95233 -6.16297 1
-1.34928 -7.57089 -6.34812 1
0.0445098 -4.29823 -9.22146 1
-4.67401 -8.07076 -7.63993 1
-4.27873 -4.46494 -4.36826 1
-0.0394929 -6.03828 -5.25963 1
4.98836 -1.29834 -0.885095 1
-2.29528 1.68272 0.833182 1
-3.42257 -3.59547 -0.906502 1
0.279715 -7.39394 -1.71789 1
-0.97967 -4.24884 -4.12895 1
-2.68085 -5.00311 -2.75237 1
-1.58956 -2.54416 0.100979 1
-1.13678 -5.68427 2.67033 1
0.621631 -3.32722 -2.71379 1
-2.47039 -5.87812 0.791365 1
-3.01446 -4.37863 3.37337 1
-1.34513 -6.11831 5.0258 1
-2.8052 -1.13762 1.42905 1
-4.25224 -5.733 4.7907 1
-2.29093 -2.7224 5.29341 1
1.79166 -6.93304 4.82559 1
1.4994 -1.4548 3.94245 1
-3.40577 -7.33182 8.12226 1
-2.08804 -5.32804 8.29682 1
-0.506212 -7.16639 8.02209 1
-1.09284 -4.34771 6.45671 1
-4.02922 -4.02397 8.15115 1
0.799235 -3.70209 7.55049 1
-1.277 -4.65067 10.3592 1
-1.9468 -4.00976 -7.88667 1
-2.82754 0.467365 -9.77673 1
8.89944 -0.318008 -9.69472 1
-2.84286 -6.28438 -7.5803 1
-4.05387 0.731557 -5.70293 1
4.34412 4.1809 -8.55267 1
-1.65399 -2.71059 -5.89121 1
-4.42736 -1.13025 -9.70048 1
-4.60505 1.85986 -3.63762 1
-2.0537 -0.477705 -5.21773 1
7.18579 6.61743 -8.273 1
-4.01252 -2.86217 -6.0716 1
-1.58439 4.87415 3.00846 1
-0.378548 -1.57703 -1.61559 1
2.82451 0.48315 -2.83281 1
-1.84342 -0.289115 -2.87695 1
1.55848 5.10317 0.980694 1
5.15054 2.50834 4.59878 1
4.79552 3.79487 -0.935653 1
-4.07289 0.347363 0.0847318 1
-3.26047 1.17307 4.30948 1
-0.771512 -1.12387 4.36376 1
-1.61643 3.94404 -0.0267785 1
-1.69471 0.398871 2.82726 1
0.579908 5.05803 9.35035 1
0.220083 -0.0600942 6.17027 1
0.144112 1.88405 2.9001 1
-2.98889 -1.03175 7.06374 1
-1.46467 0.683925 7.3775 1
2.88498 -2.35474 10.2359 1
-0.975793 1.82802 9.29561 1
-3.75119 8.29636 -10.7022 1
1.65014 8.13427 -9.78199 1
-3.27339 7.6225 -8.5389 1
-1.14555 8.67604 -8.31824 1
4.35788 9.84492 -9.21448 1
-3.75285 2.47206 -9.139 1
-3.84553 5.83002 -6.96998 1
-1.46079 2.93841 -6.0129 1
-2.21819 5.61743 -9.39118 1
-2.64937 3.94801 -7.81177 1
-3.30708 5.59463 -4.73952 1
-0.0201074 4.66257 -5.91166 1
-1.15525 6.4353 -4.7013 1
-3.29536 3.80345 1.87286 1
-1.47067 3.83742 -2.39305 1
-0.36747 5.93987 -2.56947 1
-0.648924 1.737 -2.71946 1
-1.59159 8.36236 1.05196 1
1.91692 6.03957 -2.72711 1
-5.00669 3.90933 5.88383 1
-0.442518 8.97337 4.69082 1
-0.526244 3.47436 4.48413 1
-0.3191 6.32795 1.7704 1
2.44845 6.42708 4.44998 1
-1.2963 8.21836 6.88742 1
1.72501 3.93029 4.96589 1
0.844283 7.59628 3.29416 1
-3.12874 6.21044 9.94553 1
-4.2432 9.31593 9.12621 1
-1.30931 4.98151 10.6473 1
2.57888 4.26204 7.14737 1
-2.63894 3.33386 9.67287 1
-2.9287 10.4879 -10.7615 1
1.07312 10.1325 -10.6818 1
-0.0781705 7.51672 -6.56756 1
-0.920038 10.6328 -9.6155 1
-2.25401 9.58824 -6.52375 1
-0.276914 10.1935 -3.86853 1
1.13579 8.88862 -5.24451 1
-4.12643 8.60209 -3.55968 1
4.74078 8.97475 -0.264662 1
0.18002 10.7519 -1.55488 1
-3.94116 10.0951 -1.8084 1
0.0190318 10.0179 0.747149 1
-3.74001 9.08875 2.18155 1
0.300485 9.67676 7.83637 1
-2.26389 10.357 3.69959 1
-2.9408 9.77683 5.93534 1
-2.505 10.6874 9.63042 1
0.901422 10.2663 9.99748 1
6.6539 -5.70531 -4.6118 1
10.765 -10.2651 -10.0981 1
-0.234545 -4.00829 1.27498 1
6.45165 -8.5588 1.68954 1
3.93233 -6.28668 1.8773 1
-3.48496 -10.7639 3.13272 1
7.84064 -3.9216 7.51228 1
7.10761 -9.98585 7.99884 1
-1.59657 -9.64113 -9.57961 1
0.630585 -8.74148 -7.02745 1
4.48231 -8.73788 -10.0101 1
2.59937 -7.58428 -6.65958 1
2.2293 -7.97042 1.62123 1
4.38769 -10.7164 4.22262 1
-1.12995 -5.60581 -1.0559 1
1.93409 -2.35234 -4.37784 1
1.45999 -3.35298 2.66793 1
6.09377 -8.50424 -0.556213 1
0.939824 -4.95225 -7.05226 1
4.43588 -6.70355 -0.498436 1
3.75251 -10.4226 6.55345 1
2.7071 -10.1152 2.58523 1
3.55755 -7.50046 6.18725 1
6.07226 -10.6187 2.59768 1
7.00791 -9.09761 5.77777 1
6.79939 -8.18734 9.72411 1
3.19413 -8.29184 10.7509 1
8.57164 -7.49981 8.4254 1
0.673325 -2.87177 -6.1937 1
2.56291 -7.31889 -9.80412 1
2.72971 0.0786478 -6.76991 1
4.58044 -8.58372 -6.39193 1
6.30793 -0.887653 -7.12499 1
2.45934 -3.6684 -9.18481 1
1.45417 -0.200497 -1.06543 1
9.65813 -5.176 -4.5509 1
2.06869 3.97044 -8.94649 1
0.61997 -7.80721 -3.91215 1
1.09297 -4.59353 -0.683823 1
4.53705 -4.0669 1.42166 1
5.7393 -4.92178 -1.37158 1
2.09859 -6.81737 -0.464808 1
3.0456 -1.09036 0.28449 1
7.08923 -5.05656 3.80085 1
5.99093 -3.84213 -3.36261 1
2.569 -5.18154 3.53427 1
3.83881 -4.03893 5.03771 1
6.82449 -5.33192 6.04777 1
5.36655 -3.49384 3.44924 1
5.67874 -6.97309 3.13862 1
2.9711 -2.05141 5.64281 1
8.05452 -7.18107 6.26784 1
9.55973 1.55072 8.76529 1
1.53651 -6.76642 8.9008 1
2.1274 -4.51332 9.26921 1
4.89447 -6.89878 10.1118 1
4.61486 -5.51682 6.57819 1
4.32982 -5.11305 8.77959 1
4.21046 1.80503 -8.59313 1
-0.35307 1.08289 -4.98511 1
4.66315 -0.861806 -3.08194 1
4.96001 0.881007 -6.66238 1
1.67599 -0.0259386 -4.77454 1
7.07696 3.95834 -4.9224 1
6.67375 0.0749553 -3.65583 1
6.54498 1.73802 -5.26786 1
3.79183 2.5461 -2.58141 1
-0.0935865 1.40229 -0.51088 1
6.06293 -3.15977 -0.0253019 1
7.98178 0.875375 -1.94309 1
6.72277 0.06194 -0.199306 1
8.02 -1.86734 0.364985 1
8.49798 3.1102 -2.13519 1
-2.05028 2.3599 5.89445 1
1.75316 1.65909 6.1147 1
5.69425 0.250713 4.92611 1
3.85562 -0.0969254 2.19724 1
3.27527 2.92032 3.35629 1
7.47621 5.42561 7.37879 1
4.59133 -0.755927 6.55825 1
3.05427 5.16281 2.68215 1
1.43414 -1.60342 7.23304 1
1.06121 2.88062 8.35746 1
5.1042 -2.16448 10.6236 1
3.57379 0.975901 7.60089 1
2.39888 -0.53946 8.97612 1
6.13051 -0.178805 9.939 1
3.86771 -0.372933 -9.79301 1
6.21387 3.5568 -9.75948 1
-0.220144 6.78063 -9.52239 1
2.85434 6.37114 -6.49762 1
5.26934 6.65195 -10.4747 1
6.38658 5.7859 -6.09982 1
7.26906 8.23534 -2.96776 1
2.56521 4.06025 -3.60931 1
2.9759 5.4665 -0.812844 1
7.18681 4.41593 -0.844655 1
7.03893 8.60403 0.260305 1
5.13587 5.44444 1.72628 1
4.77872 6.67937 -0.218691 1
7.17094 4.57655 2.5975 1
5.64856 1.19671 1.43126 1
-0.0654315 6.30016 7.47184 1
6.47122 4.44048 4.82198 1
4.47483 7.69423 4.64983 1
4.48582 3.10522 1.21183 1
5.34846 10.4445 6.43345 1
6.41575 6.67734 5.59166 1
5.06036 1.78214 9.28509 1
4.42018 2.99546 6.70992 1
4.76164 4.67596 9.63023 1
2.57962 5.57922 10.5229 1
6.23897 3.49781 7.96726 1
6.57701 8.62452 9.42179 1
1.80588 1.39231 10.0127 1
4.48638 10.8218 -5.77836 1
3.02215 8.42006 -7.95029 1
2.34478 10.3966 -6.56733 1
4.7561 6.42671 -7.98104 1
2.7035 7.46243 -4.41156 1
6.86511 6.67687 -1.25414 1
5.41261 9.55999 -2.41044 1
7.62011 10.0217 2.24673 1
1.73978 9.48587 2.2146 1
3.42305 9.37768 5.82097 1
1.67064 10.1215 4.52549 1
2.34718 8.55797 7.60283 1
2.90252 9.1926 9.73509 1
4.36498 9.02635 -4.31834 1
3.82681 10.021 1.56658 1
7.96258 -9.23543 -4.92893 1
7.99794 -10.4389 3.97911 1
8.75128 -8.94428 -10.3914 1
5.64699 -9.57292 -8.13441 1
9.6514 -8.57865 -6.46143 1
6.12469 -7.90902 -4.95178 1
9.95508 -6.29914 -6.56426 1
10.0321 -7.08747 5.15763 1
9.9786 -9.5239 5.13187 1
8.57607 -8.50176 2.39221 1
6.62372 -10.4899 10.4392 1
9.43151 -9.53766 7.56627 1
7.70024 -4.50177 10.3547 1
6.99287 -4.23241 -6.38875 1
7.96859 -9.15817 -8.23657 1
8.59574 -4.96203 -7.87312 1
8.69968 -3.14823 -5.1625 1
10.0547 -3.26399 -8.405 1
2.54851 -3.25614 0.681147 1
5.6888 -1.23963 3.19742 1
8.38453 -6.50508 -3.19412 1
10.0091 -4.57008 1.84573 1
7.28014 -6.59472 -1.24296 1
8.81248 -3.33682 3.50057 1
9.81827 -2.56151 5.41914 1
9.0259 -6.34493 3.1725 1
8.31733 -1.65613 6.90746 1
9.34972 -5.40318 8.86203 1
6.02804 -3.5988 9.05819 1
5.56871 1.45232 -10.6366 1
10.325 7.42643 -8.73839 1
5.16743 -2.77863 -6.58485 1
3.45454 -1.91635 -7.98771 1
8.52005 1.46754 -6.3561 1
10.1873 -1.90768 -6.50256 1
8.53121 -0.509829 -7.46555 1
10.1973 2.5724 -5.3516 1
7.7608 -2.0671 -3.38359 1
8.54959 0.692048 3.61965 1
10.3244 -2.87961 0.0848244 1
9.34917 -1.16199 -1.66759 1
10.0249 5.64199 4.05213 1
7.95142 -1.36259 2.61587 1
10.4039 2.01596 3.86021 1
7.76929 0.304161 5.77158 1
10.2404 4.79145 9.95226 1
6.20944 -1.51315 7.97105 1
8.31097 0.320223 10.4131 1
10.1072 -1.60629 10.34 1
9.89328 -0.706171 8.22195 1
7.42164 5.39708 -10.4007 1
9.67844 5.55512 -9.97964 1
0.911669 5.70328 -7.80958 1
7.81424 10.2418 -8.14564 1
8.63027 8.21799 -7.19967 1
7.87794 7.24929 -5.1087 1
9.22381 4.22143 -4.04233 1
8.77999 4.69378 0.951891 1
10.4233 3.91708 2.5219 1
9.96325 6.58577 -3.96687 1
9.29148 8.26683 2.44326 1
9.90417 2.81702 5.99627 1
6.93019 2.20436 2.99674 1
6.32694 7.40511 2.19226 1
9.37844 4.99064 6.15356 1
7.96545 6.6707 3.65593 1
8.70503 9.24162 7.19943 1
6.60073 8.4928 7.00457 1
8.0152 2.11529 7.16713 1
6.55541 5.68851 10.6839 1
9.97782 7.74472 8.30733 1
9.96985 2.70736 10.7654 1
8.59435 8.17433 10.8229 1
5.87231 8.82456 -10.5305 1
10.3073 9.28684 -10.17 1
9.58715 10.0056 -5.83821 1
8.00578 9.65655 -10.3871 1
9.51182 9.08765 -3.55349 1
10.076 9.2023 0.224859 1
8.45524 9.75218 -1.33573 1
5.38067 9.37288 3.14675 1
9.73227 10.1877 5.36874 1
10.3142 9.59489 9.94846 1
10.0471 -9.40195 0.899552 1
9.25889 -8.62628 -3.1078 1
9.99609 6.67041 0.516558 1
8.47758 6.18347 9.41395 1
-10.5065 -10.1123 10.8236 1
-9.7211 -1.11566 6.25657 1
-7.6318 2.13457 0.440125 1
-6.80933 -4.21939 3.34475 1
-9.80126 -7.29618 5.68435 1
-7.48079 -8.73982 -5.22029 1
-10.1887 -10.1786 -3.48784 1
-10.0977 -7.96819 7.87413 1
-10.6809 -10.0805 8.55473 1
-10.145 1.39213 -3.12041 1
-9.84975 -6.3717 -4.57209 1
-10.6768 -3.77123 -7.64587 1
-9.98424 -6.5372 -2.20979 1
-9.0124 -4.09755 4.22105 1
-10.0456 -2.5688 -1.78762 1
-10.7569 -8.07435 3.76051 1
-10.3512 -2.35428 3.27838 1
-10.0142 -0.0163389 9.92497 1
-7.87947 -2.25338 5.22649 1
-10.0409 -3.17353 9.39724 1
-8.98867 -1.38446 8.40168 1
-10.6292 2.65086 -9.89485 1
-10.5243 -0.887653 -5.34597 1
-1.46125 6.33755 -0.466128 1
-7.14247 2.74668 5.98537 1
-10.4216 1.59558 2.7692 1
-4.46032 0.679125 7.90801 1
-9.91476 1.7454 8.39798 1
-9.53136 3.50483 -3.514 1
-10.1785 5.95649 -7.69751 1
-10.3484 5.06302 -1.71139 1
-10.3554 7.36523 2.92816 1
-10.241 9.85666 -10.5202 1
-8.41044 8.83739 -9.66724 1
-9.07628 10.3873 -3.56558 1
-10.5182 10.0886 0.398309 1
-10.0859 10.1648 5.6321 1
-9.21732 10.7129 9.86483 1
