V 5.43 5.43 5.43 4 4 4
O 5.599591 5.55772 5.563828
D 12.80358

8.88321 9.39805 3.89962 1
-0.143975 -0.725869 5.4207 1
-10.2662 -10.0469 4.97262 1
-3.99136 -9.87024 4.23664 1
-8.89598 -7.24296 -4.93537 1
-9.02466 -9.8508 6.89879 1
-5.15697 6.54834 9.819 1
-9.77113 6.42456 -5.40957 1
-9.51492 9.4575 0.345775 1
0.580288 -6.6734 8.72647 1
-10.4969 -8.05796 7.2352 1
-6.75051 -10.5461 9.58476 1
-9.06749 -10.5764 9.19417 1
-10.1245 -5.92569 -3.39361 1
-2.47942 -9.5483 10.76 1
-9.74242 -8.1619 3.79041 1
-7.20144 -8.60518 6.32524 1
-5.9944 -7.54306 7.91625 1
-8.0423 -7.04836 4.88254 1
-9.83251 -8.18378 9.3686 1
-8.08799 -6.91553 9.84067 1
-9.00213 -9.12848 -8.45321 1
-10.1818 -8.46689 -6.49938 1
-9.09084 -10.2244 -2.75039 1
-5.96652 -0.85704 -3.21527 1
-10.1938 -9.04983 -1.12962 1
-8.37073 -8.74973 1.99757 1
-7.35255 -6.4417 -1.01949 1
-8.2415 -4.85693 6.21035 1
-5.21244 6.14394 5.28602 1
-8.93706 -2.70527 6.92186 1
-10.7583 -2.69078 8.35445 1
-5.93153 -0.531555 7.64262 1
-10.2537 -1.49112 10.378 1
-5.10573 -0.629035 9.89454 1
-4.54559 7.32522 -8.24551 1
-8.83893 -6.95328 -9.98374 1
-10.1187 -5.63104 -8.64356 1
-8.82951 -4.56744 -7.12108 1
-10.1243 -2.8827 -6.01346 1
-10.1679 -1.86008 -3.70894 1
-9.44541 -0.493524 -1.87972 1
-8.14513 -4.56208 -2.27361 1
-8.03463 -1.59542 -6.049 1
-10.3013 -6.04099 1.10115 1
-10.4148 -3.78059 -2.07773 1
-5.07028 -3.71902 2.06717 1
-3.64124 4.59221 5.80279 1
-10.8339 1.34557 4.40391 1
-9.1034 0.598134 9.78719 1
-8.42031 1.73983 1.40171 1
-10.2705 -0.750422 3.44914 1
-8.08661 2.3871 6.72035 1
-10.1662 2.54274 10.4309 1
7.30295 7.21851 -4.78629 1
-10.1533 -0.986555 -9.6442 1
-10.5086 2.5239 -7.81858 1
-8.20061 -0.7603 -8.4726 1
-5.7591 7.49545 -10.2009 1
-9.39012 0.192155 -4.91802 1
-8.89228 1.01224 -7.05352 1
-10.3446 4.44045 -4.37311 1
-7.87531 1.41721 -3.73691 1
-7.0747 2.39781 -0.421598 1
-10.6371 3.42106 -1.12029 1
-9.89864 0.312896 0.411223 1
-8.41467 3.63772 -3.50946 1
-9.36963 2.89647 3.16317 1
-9.72322 0.889557 6.32608 1
-7.90494 6.23799 -0.876317 1
-8.77044 4.47211 6.26232 1
-10.0981 7.42713 7.04784 1
-8.64637 5.82703 8.12096 1
-9.52738 9.35817 4.3212 1
-10.2904 7.75235 10.8058 1
-8.04516 7.42759 -9.93758 1
-2.99562 -0.466385 -9.70402 1
0.183633 2.01454 2.72885 1
-8.98081 3.55787 -9.1604 1
-7.64453 9.35513 -6.63194 1
-6.22739 7.55111 -6.67145 1
-6.90504 3.03761 -8.43816 1
-8.65283 9.98299 -4.6397 1
-7.70694 5.88122 -6.30285 1
-5.96717 10.4874 -1.87059 1
-8.46397 4.02838 -1.25128 1
-9.89893 8.17669 -3.98836 1
-8.5873 7.37498 1.08149 1
-8.71672 9.30047 -8.68362 1
-3.08027 -10.6442 7.61788 1
1.63216 -10.1732 0.75434 1
-2.37437 -10.0429 -0.503016 1
-6.24733 -8.4104 10.1835 1
2.90871 -10.3178 9.27478 1
-4.71821 -8.02436 2.76328 1
-3.19851 -8.86927 6.19712 1
-3.9741 -3.44015 8.17799 1
-0.0568349 -8.59225 7.76893 1
-3.31233 -4.11494 0.655291 1
-3.73271 -7.21221 7.72037 1
-3.97022 -7.93934 10.0081 1
-0.243209 -2.35652 6.9688 1
-6.92212 -9.62187 -7.72479 1
-6.10822 -7.42056 -7.3623 1
-3.80489 -10.013 -7.91579 1
-3.95222 -7.57675 -10.6885 1
-7.64675 -8.86585 -3.8572 1
-4.59683 -8.75564 -6.21876 1
-6.43462 -9.99794 -5.4152 1
-6.1565 -7.66943 -2.57233 1
-2.71693 -10.7502 -2.75132 1
-0.579402 3.21337 4.65185 1
-4.04703 -6.72307 -1.5883 1
-8.96142 -7.57804 0.0928457 1
-3.9417 -8.71243 -3.00803 1
-1.72506 -7.86844 1.95945 1
-2.90312 0.786908 4.04694 1
-1.0128 -6.83291 4.13648 1
-2.00661 -7.57241 -0.367043 1
-6.79546 -7.08271 2.71888 1
-6.10609 -3.95154 8.89132 1
-4.39209 -4.42408 4.12079 1
-1.24892 -1.72771 3.67918 1
-6.61334 -5.07173 4.36874 1
-7.36021 -2.13434 8.53971 1
0.0336287 -4.94351 4.73189 1
-3.85714 -1.50653 6.9668 1
-7.26053 -5.65014 8.10782 1
-5.21457 2.71821 9.30409 1
-3.91668 -2.52434 10.2861 1
-5.58417 -2.71884 -9.57505 1
-7.27095 -3.01072 -7.97966 1
-5.13499 -6.36767 -9.09191 1
-6.78245 -6.00756 -10.6435 1
-2.94051 0.557148 -3.44318 1
-3.74102 -4.93372 -7.88117 1
-4.20183 -1.25379 -7.49375 1
-7.1792 -5.9629 -5.89706 1
-6.36779 -3.32126 -3.42694 1
-5.24023 -6.31349 -4.34597 1
-4.30254 -3.33778 -6.30469 1
-6.46555 -3.66179 -5.68723 1
-4.61085 -1.35016 -1.38725 1
-4.09032 -4.59597 -3.1585 1
-3.25233 -0.765192 -5.28966 1
-6.27041 -5.51998 0.939051 1
-6.5093 -1.2513 -0.0278955 1
-3.96497 -6.38345 0.843418 1
-4.56203 -3.58692 -1.15805 1
-6.81716 -3.61508 -0.495446 1
-5.65553 -1.53681 2.10456 1
-1.182 -3.35707 0.781663 1
-1.40023 0.31585 2.29296 1
-6.15252 2.0174 5.64787 1
-9.45104 4.69707 9.98686 1
-8.69456 -0.988861 5.3403 1
-2.99266 3.08082 4.04048 1
-6.32736 7.71154 6.55802 1
-7.11495 1.4268 8.60856 1
-1.64983 0.934604 9.67692 1
-7.37785 -0.826117 10.5561 1
-5.05025 4.50378 10.8195 1
-1.26573 1.23073 5.91753 1
-3.92444 1.20295 10.4941 1
-1.92159 5.12705 -6.64126 1
-5.19574 3.986 -9.41231 1
-5.89572 -0.310565 -9.0728 1
-7.36428 9.05216 -2.88424 1
-2.55253 1.12763 -8.07631 1
-2.44315 4.10222 -10.3037 1
-6.46767 1.24513 -7.11195 1
-4.98388 1.41619 -3.10847 1
-5.85104 -0.641774 -5.61172 1
-4.05266 1.54948 -6.31088 1
-6.03151 2.39671 -4.93537 1
-4.29553 7.79379 0.0559218 1
-3.07749 3.04656 -0.0484811 1
-1.12052 6.36022 -4.60001 1
-7.34794 0.363852 -1.66003 1
-4.60615 2.93404 7.05479 1
-6.42982 -0.23884 5.37722 1
-6.78033 6.72521 -2.94886 1
-4.98601 2.96958 -1.38079 1
-5.50202 4.82787 1.61485 1
-3.46805 3.99717 2.00228 1
-4.95277 5.10785 -2.51509 1
-6.41791 5.84504 3.40788 1
-8.37055 7.45778 5.38977 1
-6.98332 7.20328 8.73047 1
-8.50458 5.19157 4.04186 1
-5.04416 10.2065 8.99223 1
-3.67742 9.57409 3.21874 1
-1.73346 8.67581 9.3174 1
3.61148 7.8261 10.2807 1
2.00435 9.00296 9.13738 1
-7.30031 10.4541 9.23257 1
-3.5059 5.26856 -8.40319 1
-1.23351 8.365 -9.74398 1
-2.79604 3.32728 -5.4524 1
-6.61426 4.71479 -4.51914 1
-9.23328 8.10155 -1.66723 1
-2.28178 5.76261 2.9083 1
-2.75395 8.94277 -8.09496 1
-2.84368 6.14255 -2.89098 1
-10.0282 6.10609 2.34051 1
-5.63863 5.9834 -0.362335 1
-0.354997 8.34045 -3.6231 1
-6.8755 7.86201 2.47555 1
-5.24936 9.1514 1.59602 1
-3.95351 9.59199 -1.37719 1
-5.11579 9.68485 6.68667 1
-3.12531 9.75492 5.53544 1
-8.21501 8.59818 10.2148 1
-3.92029 9.91137 -9.95934 1
-8.42889 5.67213 -8.50629 1
-2.74112 10.1428 -4.49247 1
-6.01157 10.8169 -6.88099 1
-7.39733 9.81103 3.53684 1
-1.0415 -8.44788 5.70631 1
2.15076 -10.8152 -10.6858 1
7.45664 -8.24599 -5.6024 1
-0.679097 -10.6303 -6.20852 1
8.46495 -9.74381 -0.192947 1
1.51733 -10.6183 -1.67027 1
3.89219 -10.5097 1.41704 1
1.36345 -9.34633 3.00947 1
-0.138807 -10.206 4.57127 1
2.70378 -7.30804 3.77269 1
-1.27985 -10.183 8.91809 1
2.09038 -9.25586 7.43494 1
2.39178 -6.86688 10.1434 1
-2.60321 -8.73293 -9.29776 1
1.47699 -8.8161 -9.7258 1
-0.28798 -5.85046 -9.52364 1
4.15499 -9.43292 -7.5951 1
-1.47924 -9.5015 -4.34902 1
0.321451 -9.06201 -7.67171 1
-1.19418 -7.40136 -8.13677 1
-3.13186 -7.54499 -4.96833 1
2.11051 -9.63397 -4.58441 1
2.19931 -6.24148 -6.39212 1
-3.2623 -9.67929 1.71251 1
0.523149 -8.95881 -3.05077 1
-0.874978 -7.0671 -3.84833 1
1.39889 -7.27849 -1.68624 1
0.632351 -7.13762 2.26499 1
3.46728 -10.2626 3.6502 1
3.03139 -5.16829 -0.357535 1
-3.20803 -6.25487 3.34096 1
-1.58198 -3.9234 6.0369 1
2.22304 -5.6518 5.42375 1
2.6544 5.15234 3.29914 1
1.53441 -3.08587 8.13881 1
2.07663 -5.26613 7.66411 1
0.95396 3.04002 0.794125 1
-2.59471 -5.15952 7.69651 1
-0.976705 -5.14872 9.31085 1
0.64786 -3.62145 10.157 1
-3.12835 -3.00666 -9.14572 1
1.4937 -5.14484 -8.32167 1
-1.87756 -4.50375 -10.4628 1
-0.991658 -2.02633 -8.2901 1
4.21435 -2.49951 -8.46079 1
4.56845 -1.66484 -10.6081 1
-2.19492 -6.06748 -6.57849 1
-2.6333 -3.15288 -4.54767 1
0.822602 -5.69713 -4.62549 1
0.497579 -3.35163 -7.27516 1
-0.84387 -4.37174 -5.63462 1
3.2545 3.17367 0.528272 1
2.66465 -1.71635 -1.18749 1
2.47034 -2.28563 -6.9612 1
-1.9023 -5.7682 -2.2918 1
-0.0448347 -3.61 2.82116 1
0.0315981 -6.30702 -0.164422 1
4.9568 -1.62007 -4.09655 1
-0.526416 -4.13211 -1.27777 1
-1.52115 5.37425 5.08617 1
6.16079 2.17165 -2.38513 1
-4.64612 -0.764269 4.03623 1
3.50328 -1.88233 5.44443 1
1.82121 3.47008 4.70392 1
-2.45385 0.179138 7.59175 1
2.03666 1.1688 7.28427 1
4.93482 1.94771 9.64981 1
2.72594 3.44534 6.99207 1
6.05787 5.11828 9.06318 1
-1.18413 2.68416 -9.01705 1
7.21987 1.93783 -8.56814 1
0.407115 1.25086 -9.82505 1
5.44779 0.12403 -5.55801 1
3.16922 3.67565 -9.16844 1
-1.42847 -0.367244 -6.72406 1
-1.46475 2.10491 -4.07523 1
-0.329334 -1.23053 0.952345 1
1.24639 2.45679 -6.3191 1
-0.0675435 0.897865 -5.40025 1
-0.512847 3.24974 -2.41614 1
5.45222 6.05301 -0.839578 1
2.09538 3.96985 -4.82645 1
-1.61724 -2.47043 -2.51012 1
-1.9167 1.04086 0.051491 1
3.84178 6.83359 4.35683 1
0.14957 1.6441 -0.821855 1
-2.50831 -0.562941 -1.51861 1
0.615459 7.90613 3.1868 1
5.50272 5.24022 5.13463 1
0.277512 5.07794 0.069584 1
-0.400136 6.88435 6.38576 1
-1.44823 8.9281 6.95469 1
-0.103175 1.84903 8.02414 1
0.297543 7.51714 8.81121 1
-3.91817 8.43849 10.1536 1
3.20614 10.5864 3.02544 1
0.632629 3.89544 8.95617 1
2.1443 10.7388 7.21598 1
7.27563 6.68228 4.95777 1
10.2675 6.14938 -9.30552 1
4.22155 9.47817 -8.95049 1
1.65063 5.20311 -8.14896 1
0.622012 7.14347 -8.9432 1
-0.387951 10.4223 -4.6073 1
-0.11896 3.94511 -7.44943 1
-1.76087 4.69412 -1.03813 1
3.92939 3.64436 -3.55202 1
-0.932119 7.55009 -6.95087 1
4.45851 9.50863 -2.26411 1
-2.14424 7.08836 -0.582032 1
-2.65296 7.74736 1.9191 1
2.46313 8.70987 4.08027 1
-1.13511 8.89708 -1.47671 1
-3.42015 8.40313 -3.20779 1
-0.950672 9.14428 2.30616 1
4.38041 9.71929 1.09856 1
1.05919 9.23835 -1.09297 1
-0.128652 10.8202 6.63695 1
6.65097 9.45279 -5.02833 1
-0.70042 10.1871 -6.99619 1
7.79256 6.05956 -1.23513 1
-3.85659 10.1249 -6.47658 1
1.50837 10.3745 -7.6972 1
4.35586 10.5277 6.65924 1
6.66287 -7.74216 3.84432 1
7.37477 -9.10596 1.92917 1
4.32032 -6.13284 2.64244 1
5.81417 -10.0376 -1.33427 1
3.54861 -7.6301 6.54958 1
5.55303 -9.92192 6.33902 1
3.54833 -3.93973 2.2493 1
4.65836 -8.58228 4.68665 1
5.56826 -6.97683 7.84909 1
8.62981 -9.52421 7.93877 1
7.3479 -2.36059 7.87806 1
6.36776 -9.21109 8.46285 1
6.90666 -8.39092 10.7229 1
5.7839 -10.4633 -8.90332 1
3.60556 -8.01983 -9.39533 1
8.10891 -9.91215 -8.95815 1
5.50429 -9.43624 -5.66665 1
2.22876 -8.52514 -6.57877 1
4.12167 -8.53059 -4.10818 1
8.27036 -7.65355 -3.52783 1
9.07927 -9.08463 -6.89373 1
4.5415 -6.27822 -3.89486 1
7.7428 -9.68751 -2.5391 1
9.16327 -2.4336 -0.0815277 1
3.73969 -9.73874 -2.18186 1
4.42777 -6.95846 0.520426 1
5.48795 -9.05047 0.686768 1
2.87834 -8.38492 -0.405259 1
3.72455 -4.07275 4.63293 1
8.62362 -4.97536 7.02084 1
8.27848 -4.71495 3.42191 1
1.44809 -4.95034 1.5135 1
6.35492 -5.1345 6.57905 1
2.31636 1.36375 3.55465 1
3.5079 -2.06584 7.70726 1
5.27444 -3.48455 8.01233 1
5.52607 0.571734 7.13721 1
4.02419 -5.63021 8.89962 1
5.70986 -3.0194 10.2453 1
7.84462 -2.58278 10.7355 1
7.47096 0.0415976 8.27955 1
7.00303 3.06503 9.24336 1
4.97545 0.842294 -10.7146 1
2.11088 1.79225 -8.33977 1
10.6761 -0.846702 0.703938 1
5.33637 -4.62855 -8.05674 1
10.2595 0.0219351 -10.4594 1
8.93444 2.44055 -5.21646 1
7.06663 -4.82499 -9.87912 1
3.59845 -5.69168 -9.17388 1
3.6328 -3.07931 -5.1931 1
7.62981 -5.39999 -1.03417 1
6.56262 -2.41164 -2.73996 1
4.2257 -5.18702 -5.92974 1
4.65042 1.08895 3.57173 1
7.87961 -4.02133 -3.60454 1
7.08694 -3.15842 -7.28217 1
2.50098 -5.6423 -2.90049 1
-3.21984 -2.53311 4.88032 1
5.85414 -3.20993 2.87359 1
5.91876 -1.83812 0.868988 1
5.79423 -3.96429 -1.24205 1
9.91193 -0.508478 6.27846 1
4.11327 -3.07977 0.0713378 1
8.15497 2.94946 -3.05427 1
2.957 0.956574 1.21377 1
4.9532 2.59794 6.23514 1
9.05379 -3.69095 9.0064 1
7.60425 2.89619 3.03698 1
1.99106 -0.110529 5.29876 1
8.32722 2.2094 7.51986 1
6.08879 5.68109 1.45507 1
3.335 -0.21567 10.7776 1
3.7131 0.116 8.52423 1
-0.622141 -0.789654 -10.2801 1
8.94588 7.91527 -0.532186 1
6.73589 -0.242533 -9.30828 1
5.42065 3.10583 -9.7054 1
5.54371 5.34185 -3.37579 1
6.99722 1.59591 -6.2614 1
1.76371 7.83745 -2.91166 1
5.81593 -1.20496 -7.41593 1
1.6424 -3.68505 -1.83385 1
3.63436 4.483 -1.35134 1
4.5222 1.45071 -3.83809 1
7.93961 5.32745 -3.43848 1
1.42668 -0.206532 -0.0642661 1
4.0384 -0.370751 -2.39288 1
5.68051 0.453761 -0.950534 1
9.13788 4.41239 -0.244178 1
4.78602 4.82464 7.24698 1
5.52266 3.18623 3.94974 1
5.26816 8.50448 7.06452 1
4.12537 5.50534 10.3048 1
8.78572 8.0301 8.09542 1
7.22698 7.02134 9.39204 1
-0.701251 4.36226 10.8138 1
2.96355 3.49316 9.62302 1
5.93417 10.4507 10.5961 1
5.56651 8.52295 9.32173 1
8.88072 3.45199 -7.45359 1
8.16374 5.38469 -8.4726 1
2.03159 8.88849 -9.36053 1
5.38345 7.48243 -9.47795 1
7.23778 8.60945 -10.3178 1
0.526195 4.97271 -3.55146 1
3.56403 8.46451 -4.16329 1
4.42177 4.23552 2.1857 1
5.16773 10.0143 -6.78185 1
5.69454 7.69853 -7.16337 1
4.96141 6.89774 -5.01827 1
1.73139 5.77986 -1.69271 1
2.12094 7.44791 -0.0358348 1
10.7427 8.11614 3.27616 1
4.2642 8.03896 -0.470984 1
7.60767 8.68163 6.09266 1
3.6135 6.7854 6.72626 1
3.01626 9.95143 -5.90186 1
6.52523 10.4593 -1.78169 1
1.48197 5.71137 7.49667 1
8.71907 -7.47179 -0.928472 1
8.71049 -8.0779 4.92933 1
9.58319 -10.2494 4.64299 1
9.15608 -7.33222 7.13166 1
10.4938 -8.95208 9.4299 1
9.13364 -8.26446 -10.3853 1
10.7079 -7.08095 -9.22511 1
10.5627 -6.98005 -3.70885 1
8.07088 -2.95635 1.86058 1
6.02076 -5.29494 4.20433 1
9.64578 -3.93687 5.16971 1
6.89411 -1.64786 4.28002 1
5.234 -0.449492 5.11192 1
8.33968 -2.148 5.88119 1
10.2977 1.57717 5.45901 1
7.84527 -6.80909 9.15347 1
9.26472 -5.45195 10.604 1
8.06829 -2.52841 -9.27403 1
10.1416 -1.64223 -8.90765 1
6.72435 -5.98043 -3.18878 1
8.58477 -3.65681 -5.68068 1
10.6229 -2.72346 -5.48139 1
5.27102 0.374467 1.38103 1
9.44288 -3.87364 -1.82804 1
7.52597 0.961097 1.85348 1
8.98807 5.16998 5.16325 1
8.53326 -0.832117 2.87516 1
8.46477 2.92213 5.16556 1
9.79837 5.95119 3.18505 1
10.743 5.69577 -1.21861 1
9.84182 -0.309642 8.5815 1
8.43217 -0.429737 10.6236 1
9.69937 1.8913 -9.19566 1
10.506 0.696537 -5.25883 1
7.75527 10.4487 2.08858 1
8.83446 0.52087 0.00275119 1
9.46725 2.3296 -1.23605 1
7.38354 -1.13581 -0.953766 1
9.96109 4.70288 -4.69011 1
10.6337 6.71451 8.19305 1
10.1964 4.86904 7.03469 1
9.81098 9.52073 9.55796 1
6.34717 5.3389 -9.84779 1
9.96371 6.60576 -6.0406 1
9.01798 8.13127 -8.996 1
10.1766 10.0431 -8.94384 1
8.00192 7.22645 -7.04872 1
1.28867 6.2716 1.81802 1
8.11463 9.98836 -0.135437 1
5.89495 7.29818 3.12588 1
5.87851 9.49793 2.78064 1
8.24746 4.78421 1.83206 1
9.75047 -6.48103 3.69099 1
