V 5.43 5.43 5.43 4 4 4
O 5.56057 5.55251 5.538727
D 8.2753

-8.45844 -4.08418 0.470168 1
-8.60051 -3.40782 -7.65837 1
-10.7072 0.420361 1.24327 1
-7.49269 -3.18703 5.79092 1
-9.58019 5.11968 1.69106 1
-10.0819 4.27154 7.68457 1
-10.8276 7.92987 -10.6749 1
-8.98387 7.55316 -1.98325 1
-10.3379 8.10674 8.14602 1
-9.92915 6.33651 6.749 1
-10.0934 9.92899 6.35456 1
-7.13657 -7.89225 3.85277 1
-8.56432 -6.07798 3.91471 1
-9.81656 -4.55681 -9.2318 1
-3.04871 -8.16197 -7.23467 1
-8.44081 -5.52929 -10.8334 1
-8.71968 -0.576956 -5.02727 1
-5.63108 -4.87721 -6.80182 1
-5.03198 -2.91923 -9.8086 1
-9.61675 -6.68585 -6.53773 1
-9.99536 -4.83955 -3.51587 1
-7.16804 -7.5531 -3.53562 1
-7.91677 -5.14307 -6.32376 1
-7.73805 -5.32474 -3.95268 1
-8.66392 -3.08539 -2.33402 1
-5.50591 -6.44492 -2.21901 1
-6.03844 -3.49008 -4.80036 1
-4.9275 -5.74807 5.03203 1
-10.7333 -4.57416 0.590263 1
5.46624 -9.76383 6.63915 1
-7.03788 -4.62041 -1.49557 1
1.59551 0.903696 5.55322 1
-7.92452 -2.30906 3.6652 1
-5.51468 -5.38142 2.86478 1
-5.09753 -2.04681 1.28472 1
-10.6407 -6.84536 3.62801 1
-10.7923 -4.72657 6.83503 1
-7.42771 -6.58375 7.43588 1
-7.63439 -4.40653 2.60188 1
-8.64232 -5.1787 6.02465 1
-9.51151 -3.59937 8.47806 1
-6.27605 -5.27387 8.96693 1
-5.32923 -3.77217 6.01108 1
-10.1589 -7.22106 10.3085 1
-8.08625 -4.402 10.163 1
-3.98427 -3.18878 -7.75641 1
-4.14554 1.35306 -10.7637 1
-7.01592 -2.22884 -8.84327 1
-9.69872 -0.213163 -8.45031 1
-8.8792 2.04031 -7.64065 1
-6.17829 -0.403967 -7.67499 1
-6.09881 1.13899 -9.52996 1
-9.90767 -1.84087 -6.5286 1
-10.1757 0.688429 -3.79077 1
-7.34398 -1.86653 -3.73455 1
-7.45697 0.851541 -6.26126 1
-8.67122 -1.75262 -0.371423 1
-8.88123 2.04917 -2.41739 1
-6.0186 -0.646004 -2.20977 1
-4.47749 3.69284 -4.86203 1
-9.5513 5.8025 -0.526042 1
-7.31085 -1.34516 1.60945 1
-7.62064 0.585688 -1.03707 1
-8.45937 0.802248 1.21049 1
-7.69956 1.76947 3.31913 1
-3.89722 -0.840871 2.99762 1
-6.1854 2.21385 0.019326 1
-8.85722 -0.206239 4.19774 1
-9.06197 0.0645986 8.51619 1
-7.87597 -2.01228 7.80881 1
-5.89204 1.82403 10.1311 1
-7.7063 -0.152422 6.26271 1
-7.78495 1.98649 8.8137 1
-6.04703 -2.00666 9.41288 1
-5.45089 0.696183 6.18203 1
-5.70612 4.38424 10.3487 1
-9.48271 -1.11743 10.626 1
-3.39939 2.48829 10.681 1
-9.97358 1.27506 -10.3714 1
-9.84439 5.9608 -9.74431 1
-7.15235 3.08295 -8.85074 1
-8.14431 4.35867 -10.4587 1
-8.51706 7.20875 -8.13986 1
-5.73696 4.77887 -8.13599 1
-10.0595 3.59056 -6.36483 1
-9.72161 6.69597 -4.18521 1
-7.59692 3.5025 -3.69975 1
-7.1697 5.9273 -6.77322 1
-8.60189 4.89583 -5.23598 1
-6.80803 7.39614 -2.70022 1
-6.35932 5.02395 -2.49677 1
-5.96108 7.42771 -5.52057 1
-10.2559 3.66893 -1.49308 1
-9.46231 6.84209 3.25516 1
-7.95508 3.37788 1.27594 1
-7.22426 5.17248 -0.226404 1
-5.39467 6.16546 0.8347 1
-8.29229 6.96569 5.30251 1
-4.99506 5.71065 3.10386 1
-7.43583 9.3376 0.913625 1
-9.73989 3.23573 5.70424 1
-6.52418 2.5985 6.94147 1
-6.78901 5.36329 4.4802 1
-7.59423 3.29351 5.04542 1
-8.4374 8.13656 9.57811 1
-5.41498 4.26535 8.02805 1
-5.94004 7.40482 5.94498 1
-8.9439 3.81497 9.58827 1
-7.73399 5.92296 10.3401 1
-7.24835 8.98129 -8.98053 1
-8.53746 10.7285 -9.72067 1
-5.84653 10.4665 -7.78742 1
-9.82417 7.90984 -6.376 1
-7.89821 8.36641 -4.6235 1
-7.98655 10.599 -4.2909 1
-4.3909 10.7963 -2.09531 1
-8.7435 9.60272 -0.924729 1
-8.58832 8.99993 2.88555 1
-6.86453 10.2764 3.99051 1
-10.4583 9.6785 4.04598 1
-1.97699 8.7614 9.18728 1
-7.70436 9.23052 6.19773 1
-6.74637 9.27889 8.45618 1
-10.2295 -9.05692 -9.02871 1
-8.26275 -9.57617 -10.1303 1
-9.07904 -8.88845 -6.98931 1
-7.09881 -10.2275 -6.78152 1
-7.85012 -9.38351 -2.28925 1
-5.88964 -10.5889 -2.01519 1
-6.22057 -8.49106 -5.43712 1
-10.0745 -10.0853 2.04599 1
-5.69136 -7.55873 2.01618 1
-10.0382 -9.33219 7.00913 1
-8.17182 -9.88693 3.45935 1
-8.91935 -10.7328 5.49848 1
-8.65349 -8.16954 8.63379 1
-6.13241 -10.7816 8.25338 1
-5.99312 -7.5903 5.91461 1
-7.28102 -9.58143 9.88703 1
4.82321 5.67713 -10.3302 1
-3.32545 -8.22751 -9.52691 1
2.60676 -6.03728 -8.77865 1
-2.65907 -4.85054 -6.9415 1
-0.854222 -5.21544 -8.24611 1
-4.77047 -6.96979 -6.34019 1
-4.53065 -4.61017 -3.45882 1
-3.70319 -7.81609 -3.34778 1
2.16847 -6.18174 -5.66189 1
-3.26785 -5.91801 -4.86729 1
-3.25604 -3.15933 -2.2083 1
-1.00026 -6.44482 -2.18264 1
0.188143 -2.89772 -4.10813 1
-4.75608 -7.27534 -0.17711 1
-3.92823 -4.01513 1.98922 1
-3.34336 -5.54545 0.387273 1
-0.747973 -0.453261 -2.36421 1
-5.50305 -2.87473 -1.11683 1
-1.72609 -3.71707 2.81263 1
-0.378087 -5.58098 2.31018 1
-0.165312 -3.45887 -0.359053 1
-4.81432 -3.57131 8.18415 1
-0.503074 -3.51851 4.87733 1
-1.80289 -4.21296 10.2636 1
-2.5279 -3.13929 8.30719 1
0.175496 -1.15519 5.35872 1
-4.81552 -6.4007 10.2777 1
-2.85531 -7.28014 9.54211 1
-1.73468 1.35113 -10.6246 1
-6.18568 2.10612 -4.83692 1
-2.22474 -0.851671 -10.1378 1
0.119187 0.216264 -7.44034 1
0.854159 2.15099 -8.50799 1
-1.63461 3.06865 -3.8481 1
-2.28983 -1.52 -7.97666 1
0.483627 2.22992 -10.7356 1
-4.9706 -1.81474 -6.18483 1
-4.79152 0.637013 -3.69606 1
-1.97449 -1.94176 -3.68332 1
-2.10225 0.406607 -6.579 1
-3.38998 -0.669173 -4.98914 1
-3.54939 2.36552 -2.76899 1
-0.109279 1.70652 -2.82197 1
0.975548 2.81461 -0.911344 1
-3.84839 -1.03334 -0.752109 1
-4.3909 1.05056 4.17946 1
-0.871761 -2.10976 1.3532 1
-2.48109 0.797909 -1.36578 1
-2.52835 -0.583787 1.21474 1
-5.58714 1.89732 2.31526 1
0.6052 1.46743 0.998546 1
-0.748065 3.3333 4.02908 1
1.42538 2.95907 4.45242 1
-3.64263 0.291958 7.59807 1
-0.753142 0.590581 8.33184 1
-1.68999 1.54821 0.750237 1
0.489719 3.32462 10.6282 1
-2.47648 2.19004 8.49292 1
1.45879 1.07189 7.79884 1
-1.74492 -1.18066 7.12701 1
-4.72367 -0.118268 9.59289 1
-1.2627 0.0671832 10.5216 1
-8.60651 -1.3062 -10.1802 1
-4.94827 6.57329 -9.61673 1
-2.03921 2.67115 -6.12575 1
-3.43152 5.20525 -10.8567 1
-3.23286 7.64048 -8.16903 1
-1.25845 6.48984 -5.2429 1
-3.7007 4.08202 -7.09021 1
-4.7354 5.9524 -4.14164 1
-3.36367 6.20192 -6.07065 1
-2.42829 5.37861 -8.71477 1
-1.85071 6.0749 -1.46844 1
-3.29397 7.2897 -2.86748 1
-0.719172 5.17138 -3.45799 1
-2.14813 9.24502 -6.34471 1
-4.90174 3.55872 -1.36578 1
-5.35858 8.36013 0.296718 1
-2.3214 3.769 1.18095 1
-4.0823 3.60035 2.66271 1
-3.66368 5.08581 -0.220403 1
-3.87553 7.86765 3.17208 1
-0.926777 5.0498 2.56358 1
-0.67514 7.37832 0.105266 1
-2.94449 2.94486 4.63206 1
-4.44748 5.99035 6.92116 1
-0.333132 7.59681 5.51657 1
-1.80631 6.68655 3.96724 1
-3.42275 5.27643 4.97813 1
-3.52586 7.11293 8.67044 1
-1.14574 4.03218 8.94579 1
-1.32029 9.24307 6.75306 1
-2.14721 5.82668 9.98585 1
-1.93794 9.04941 -9.59014 1
-3.1844 10.5585 -10.8198 1
-0.499013 10.4372 -8.43553 1
-4.62158 8.89645 -6.67223 1
-1.82173 8.50939 -4.18613 1
-0.632863 9.91168 -2.81449 1
-4.95491 8.56921 -1.94807 1
-1.75498 8.41376 1.96503 1
-3.7102 9.75668 1.32662 1
-0.698956 10.1234 3.17476 1
-4.98824 9.12076 4.71773 1
1.93594 7.25684 8.73395 1
-3.85337 10.836 5.67599 1
-0.300085 10.4483 8.58164 1
-4.97864 8.52518 9.80919 1
6.08426 -2.06434 4.05078 1
-3.40428 -10.4111 -6.79084 1
1.35411 -9.91148 -7.49231 1
3.28754 -6.46246 0.98886 1
-0.978013 -7.68566 -6.21825 1
-0.922808 -6.34559 10.3425 1
-3.94975 -10.4761 -10.0139 1
-1.00598 -6.163 -4.47294 1
-1.2566 -9.10741 -10.2826 1
4.10135 -7.78951 -8.83043 1
-4.94429 -9.6765 -3.92434 1
-1.93951 -4.67081 -1.12716 1
0.0170002 -9.88987 -3.29617 1
2.62061 -9.54681 -3.542 1
-4.46918 -9.619 -0.509518 1
-5.10242 -9.82493 1.67379 1
-1.49697 -9.68481 3.2715 1
-1.77428 -8.60008 -2.28981 1
-2.31235 -10.3574 -0.793095 1
-0.954378 -8.75073 6.91322 1
-0.600831 -7.86104 2.15639 1
-4.89039 -9.248 7.06054 1
1.73572 -7.99 2.1299 1
-2.86704 -9.01575 8.13116 1
1.00435 -7.73523 7.78075 1
1.36381 -7.16614 10.0552 1
0.0686014 -3.70931 -9.72916 1
8.98437 -7.29786 -9.65753 1
1.8729 -4.90324 -10.6294 1
3.46865 -2.62079 -6.27612 1
6.11001 -3.5798 -5.38515 1
5.06248 -2.90631 -10.7614 1
0.681355 -6.74197 -7.574 1
1.05872 -5.1175 -3.90025 1
3.53613 -7.70227 -4.56913 1
3.4706 -4.78122 -7.01849 1
5.25614 -8.58457 -1.72081 1
2.68282 -3.665 -2.75053 1
4.68188 -6.68418 -2.86029 1
5.73053 -4.94534 -7.23928 1
1.41263 -8.67246 -1.65666 1
1.18417 -5.10587 0.605679 1
2.16598 -7.15561 4.21205 1
3.38918 -5.49994 -1.3825 1
3.92909 -0.120576 10.0884 1
2.39472 -3.75159 2.33502 1
7.93711 -6.15922 3.06731 1
5.83068 -2.83689 0.605864 1
1.19996 -4.97987 3.9953 1
1.3758 -3.00184 6.6061 1
2.77329 -6.95789 6.53937 1
4.37366 -5.06876 2.68635 1
2.72223 -4.75564 5.80448 1
1.78326 -2.44633 8.81757 1
7.83363 -3.38318 10.5107 1
4.72176 -3.88267 4.83459 1
7.70264 -5.51868 9.82046 1
3.28718 -3.75344 9.92693 1
1.25312 -2.13635 -5.97602 1
1.58608 3.54173 -5.53146 1
5.10079 -0.806346 -9.70848 1
5.9073 3.68398 -9.70572 1
2.85627 2.72488 -7.46258 1
4.87546 -1.13839 -7.46286 1
-0.0200167 -2.14733 -7.94167 1
1.58793 1.64744 -4.28962 1
4.31533 -2.57344 -4.04684 1
3.86531 0.754247 -6.73712 1
1.84086 0.0839832 -5.86857 1
2.74292 2.16983 -2.37427 1
5.21645 -0.818255 -2.69099 1
5.43421 1.76799 -5.48761 1
0.970378 -2.14789 -1.90285 1
0.99106 -0.770438 1.45816 1
3.58265 -2.32374 0.963842 1
3.87251 0.492732 -1.31981 1
2.37423 -1.02346 -0.424778 1
2.27767 2.09865 2.46674 1
5.31246 -0.967612 2.16544 1
5.07513 1.86806 0.149575 1
1.92773 -1.58267 3.52286 1
2.98292 -0.698251 7.84481 1
3.33342 -1.90345 5.57583 1
5.43883 -0.62551 5.74467 1
3.42518 0.148047 2.97527 1
2.54352 3.03634 8.42415 1
5.42609 -0.175592 8.08667 1
5.24341 2.73503 5.58931 1
0.497381 -1.45113 10.4592 1
2.49654 2.00763 10.7484 1
4.32899 3.43419 10.3327 1
-0.527536 5.76409 -7.37027 1
3.92642 4.80638 -7.40443 1
2.77181 6.01195 -9.28515 1
4.65391 3.84701 -5.33586 1
7.50639 7.85815 -9.44707 1
-0.158205 3.57311 -7.00436 1
1.6327 5.43372 -3.96865 1
3.51065 4.08239 -3.39134 1
2.83541 6.26063 -5.87559 1
1.37959 7.0005 -7.58951 1
2.07255 7.36152 -2.53729 1
5.06036 4.99737 -2.05645 1
6.71576 7.39835 -1.08765 1
-1.03977 3.94762 -0.806387 1
0.767019 6.0437 1.38348 1
3.71457 3.40871 1.29874 1
3.38096 6.19241 -1.02876 1
2.13441 4.64382 0.124836 1
2.0324 7.46518 2.72484 1
4.94368 4.93146 2.48114 1
4.59585 7.67971 0.210223 1
0.882591 4.61271 8.04153 1
1.22747 6.36411 6.61764 1
3.94986 4.07556 6.89383 1
3.62669 6.25869 3.84216 1
2.49801 4.89906 5.31718 1
4.45526 9.09289 8.25938 1
5.31135 5.53442 8.05103 1
5.02694 7.7291 4.96225 1
4.16827 7.13406 9.2567 1
10.3901 5.72191 -8.56569 1
4.70847 7.27364 -4.878 1
4.8762 10.3947 -8.27777 1
0.437749 9.01128 -6.87927 1
3.29068 8.81107 -3.89221 1
2.03093 10.0015 -5.48328 1
4.39351 10.3137 -2.55151 1
0.579352 8.69623 -1.29609 1
3.08714 8.97297 1.40149 1
1.53015 10.2341 0.16693 1
4.6157 10.1804 2.61001 1
0.976841 8.92294 4.17374 1
4.21018 9.52572 6.06886 1
2.22459 10.4742 5.3566 1
0.952839 9.04655 9.94644 1
6.8833 -10.2026 -5.47099 1
0.569845 -8.52439 -9.09038 1
3.70645 -9.69561 -7.33732 1
5.07264 -8.39543 -10.8398 1
4.44798 -8.5195 0.408136 1
-0.0553706 -9.68066 -5.63697 1
1.20402 -6.36544 -1.57025 1
5.17307 -8.66932 -5.84439 1
2.54878 -9.80195 -0.0305218 1
2.14475 -10.2715 2.24076 1
6.36516 -4.86273 1.50533 1
3.31958 -10.5845 4.23087 1
1.7552 -9.92146 7.61856 1
4.15683 -8.53518 4.92209 1
2.94951 -10.4448 9.47519 1
6.37245 -4.1872 -9.28654 1
7.72913 -5.60693 -10.4154 1
8.75949 -0.11319 -7.64046 1
10.3679 -2.77735 -10.4112 1
5.93158 -7.22669 -7.45825 1
6.44242 -5.42443 -3.64999 1
9.62619 -7.09432 -4.11164 1
10.4488 0.732923 -6.02052 1
8.32638 -5.49801 -5.3125 1
7.59888 -3.76571 -2.33153 1
10.4501 -2.56338 -4.69587 1
7.48497 -8.8939 -1.65777 1
9.16105 -9.29241 1.98553 1
9.22741 -4.95107 -1.21984 1
8.35905 -5.97589 0.646665 1
8.44102 -2.18121 4.17807 1
10.6319 -2.30094 3.03021 1
10.6418 -3.03729 -0.921591 1
6.16789 -7.59454 3.93068 1
6.63323 -4.47484 6.11732 1
7.57959 -8.55549 6.71457 1
8.32868 -4.50336 4.53994 1
6.24285 -6.7345 6.15942 1
7.69165 -2.98865 7.60988 1
8.48607 -8.13225 8.76431 1
7.78018 0.576919 5.46534 1
3.56059 -8.22844 9.78372 1
9.69183 -3.96491 8.32834 1
6.3407 -7.27931 9.24959 1
10.2693 -2.76415 10.3382 1
6.02703 1.27885 -10.3252 1
10.6187 -1.07534 -8.79 1
10.5612 6.36707 -4.88049 1
7.03063 -1.45759 -6.66816 1
6.51932 0.744185 -3.81311 1
8.26591 -3.21702 -4.46445 1
7.96618 -0.843363 -4.60042 1
7.68962 2.41841 -2.60929 1
10.1617 -0.304272 -3.84181 1
9.07805 4.09098 -1.65499 1
6.66101 -1.98986 -1.30551 1
6.78535 0.670244 1.32191 1
9.7234 -1.67184 0.746637 1
9.03551 0.694061 -2.01648 1
8.07704 -0.4816 -0.304405 1
7.72857 2.70051 2.20375 1
10.4643 0.152478 2.35606 1
3.90353 0.941913 5.05354 1
6.58079 1.673 7.14271 1
8.78728 -1.32466 6.41171 1
8.14157 -0.060943 3.15777 1
7.86437 2.76254 8.65529 1
10.2961 -0.1695 7.79414 1
9.57995 2.20148 5.39943 1
6.57415 -1.7625 9.38953 1
9.10871 0.96379 9.49938 1
7.69959 -0.264672 10.831 1
6.29878 5.04426 -7.63659 1
8.12311 1.29925 -9.33509 1
8.11757 5.69274 -8.99585 1
6.31328 6.52242 -3.23728 1
9.82554 2.30543 3.12574 1
6.49938 7.08967 -6.37831 1
8.6202 8.63872 -1.24698 1
10.5441 7.44146 -1.28391 1
8.20859 6.90772 -4.73344 1
6.30765 3.41092 -1.00596 1
6.45839 6.1409 1.11671 1
9.6861 5.39578 1.78531 1
0.936315 5.69486 10.2201 1
7.96553 4.34336 0.476907 1
7.93037 6.85871 2.83774 1
6.39903 3.75866 3.84207 1
6.39839 6.50415 6.28394 1
9.51828 4.52252 5.82553 1
7.71916 5.44683 4.74117 1
8.63497 8.8106 9.56132 1
9.06513 4.65462 8.06903 1
6.32796 4.17387 9.62289 1
8.64531 6.48799 9.59446 1
9.24273 9.02882 -10.349 1
6.62953 9.01193 -7.68154 1
8.42543 8.87855 -3.57947 1
7.90442 10.7671 -6.89608 1
7.83962 10.8165 -4.60513 1
9.15569 10.2434 0.795099 1
5.77373 9.66743 -0.83888 1
9.15125 8.831 2.69955 1
6.33359 8.84836 3.47532 1
7.9323 10.5878 3.77173 1
7.31807 10.5868 10.3675 1
4.44603 -10.6419 -2.51219 1
6.37374 -9.9859 -9.68753 1
7.60156 -8.52466 -8.38486 1
8.0379 -6.7741 -2.49852 1
8.67707 -9.77805 -6.82638 1
7.84009 -10.4499 -3.40962 1
10.3878 -8.47038 -5.90421 1
5.92964 -10.221 1.27381 1
9.99458 -10.5699 -1.07584 1
7.12395 -9.66469 3.25553 1
8.87848 -8.11398 0.0603114 1
4.65881 -7.67088 7.68198 1
8.82162 -9.04058 4.88858 1
10.5997 -4.10338 4.62024 1
9.24348 -9.56435 10.3659 1
10.1556 -5.97128 -6.73278 1
10.5812 5.54172 -2.62231 1
9.91909 -7.53335 3.40323 1
9.76346 -6.19799 9.00589 1
