V 5.43 5.43 5.43 4 4 4
O 5.589323 5.559595 5.5696056
D 13.54475

-1.07345 9.82882 -10.2794 1
-1.76487 7.04351 -8.47372 1
-3.26739 7.7722 -6.07957 1
-3.23887 9.85568 -9.77742 1
-3.80029 8.08181 -8.36637 1
-1.07651 7.67389 -5.12121 1
-5.27172 6.44958 -4.45418 1
-4.72441 7.82343 -0.609467 1
-3.54156 4.49981 0.0314416 1
-2.86381 9.15629 -3.21954 1
-3.87497 7.09954 -2.5633 1
-3.83611 9.72382 0.284002 1
0.771974 6.85104 4.02163 1
-1.90665 10.4538 -4.85499 1
-0.931764 3.80721 2.83471 1
-4.06689 8.51566 4.10296 1
-2.41731 5.26911 3.83415 1
-1.97542 8.28008 0.988047 1
-3.21173 7.03797 2.54827 1
-2.21764 8.69548 5.39207 1
1.61241 10.1181 8.49322 1
-0.485999 9.65163 2.09042 1
-6.3559 5.72532 5.0567 1
-3.37022 9.29992 7.32292 1
-5.91752 6.2814 8.86985 1
-1.31716 9.78321 8.23577 1
-7.12143 10.7512 -7.20372 1
-1.1426 10.3565 4.23404 1
3.46097 -9.01743 5.17957 1
-2.17407 -7.8556 -0.0985308 1
-1.99102 -8.53695 9.32973 1
2.67313 -6.90897 5.78882 1
1.17787 -10.3835 7.80902 1
-5.39163 -6.44899 -10.806 1
-0.968818 -8.31153 -6.50936 1
3.87733 -5.58847 -6.58414 1
-0.497289 -8.82154 -8.94229 1
-6.41202 -8.29094 -7.63666 1
-1.79311 -6.82718 -9.45249 1
-2.93563 -7.37587 -7.57971 1
-6.02616 -6.87214 -4.23909 1
-1.25356 -7.4596 -4.32282 1
1.35492 -6.16098 -8.46182 1
-4.98131 -8.94219 -3.82758 1
-7.34241 -8.75905 -0.846334 1
-2.42478 -9.18451 -3.26034 1
-4.45081 -6.01199 -1.39087 1
-0.913865 -9.24423 -1.42604 1
-2.56206 -5.52912 -4.71699 1
-4.65832 -6.97553 4.7387 1
-4.96349 -3.53938 6.15427 1
-0.707183 -8.77658 3.10777 1
-2.35832 -5.55284 -0.193425 1
-2.601 -7.93287 2.16584 1
1.65603 -3.48482 4.82076 1
-0.350119 -7.5627 6.37277 1
8.49246 -2.21214 9.49654 1
-5.27495 -10.6884 5.40711 1
-1.93277 -1.42677 7.81816 1
-2.77658 -9.53131 7.37211 1
-4.60496 -8.6612 6.38264 1
-1.53963 -1.56948 10.3007 1
-0.855359 -6.78066 8.48095 1
-3.5302 -4.24334 9.40036 1
-3.18561 -7.22061 10.7577 1
-1.45461 5.39337 -6.90012 1
-5.06772 -1.06999 -7.71891 1
8.77551 1.6561 -2.49 1
-2.23048 -2.70471 -9.32833 1
-4.37631 -2.95497 -8.70745 1
-3.19382 0.110375 -7.19366 1
-0.664767 -3.71338 -7.99103 1
-1.57212 -0.567642 -8.73034 1
-6.61898 -5.62845 -2.33271 1
-5.49658 -1.67103 -1.82962 1
-3.16779 -4.48684 -2.77422 1
-3.94753 -0.339545 -3.37535 1
-5.3884 -3.67295 -2.86322 1
-4.00725 -1.26431 -0.138962 1
1.8616 -4.60897 -3.45548 1
-0.231279 0.275516 -3.19165 1
-5.07935 -5.75039 0.82937 1
-4.98343 -3.25294 2.83314 1
-2.79735 -6.02243 3.5972 1
-2.36894 -2.72068 0.521793 1
-3.28475 -4.56817 1.77942 1
-1.42987 -4.17789 4.88916 1
-1.17371 -1.37009 1.89998 1
-0.760298 -3.42316 7.06971 1
-5.71453 -1.25027 8.78576 1
-4.94808 -6.13283 9.61775 1
-3.42653 -2.98284 4.61214 1
-4.07649 -2.57317 7.98487 1
-1.36876 -4.65374 8.9016 1
-1.48027 1.04917 6.12778 1
-1.95105 10.4378 10.3637 1
-3.8063 4.64899 -10.7394 1
-1.37439 0.465029 -10.7734 1
-5.36219 4.73308 -8.99149 1
1.33677 -2.61416 -7.15489 1
-1.79542 5.1985 -9.78659 1
-1.12635 3.43584 -8.21387 1
-3.48571 5.38165 -5.66067 1
0.115114 2.62324 -6.46174 1
4.22417 5.07065 -6.45251 1
-4.13382 1.164 -5.34904 1
-5.23904 3.0234 -2.52416 1
-2.21321 0.934334 -2.36502 1
-2.27423 4.42863 -3.89044 1
-3.33007 2.50554 -3.60013 1
-4.70152 6.2633 1.0342 1
-1.63064 1.5109 -0.176348 1
-1.03174 6.92848 -0.742116 1
-5.00531 2.76087 -0.29275 1
0.482407 5.34038 0.0825818 1
-2.38832 0.132621 3.31242 1
-3.77611 0.983995 0.446376 1
-5.57403 -1.36972 1.55252 1
-4.27061 4.56351 5.20329 1
-2.01013 -1.16904 5.29126 1
0.865188 -0.137201 3.66984 1
-6.64658 1.53454 5.71451 1
-5.46529 2.5229 9.04524 1
-2.5122 0.933503 8.28303 1
-1.36193 3.70936 0.551979 1
-4.4089 0.478138 9.54214 1
-5.25732 4.49215 10.1965 1
-1.59566 2.60755 9.60039 1
-2.94671 5.7363 6.67795 1
3.15812 6.80146 -2.83847 1
-0.123461 9.49341 -6.29788 1
1.80703 7.93162 -9.25799 1
2.1783 10.2858 -2.18483 1
5.51992 9.56642 -4.29466 1
2.49193 5.12032 -1.19757 1
-2.52088 5.47941 -1.83165 1
8.71348 6.1264 -3.00334 1
2.00698 9.01044 -5.40211 1
3.31702 10.2614 4.11921 1
6.13803 6.77368 3.88289 1
1.31267 8.94537 3.34731 1
7.35978 3.30596 -1.68284 1
2.63534 4.44719 5.22259 1
6.81786 8.87743 3.15623 1
7.12967 9.33372 0.912449 1
4.53021 6.63336 5.55499 1
-1.17768 6.57392 5.38856 1
-0.104731 7.9606 10.7492 1
1.79014 3.27698 10.1529 1
4.04563 8.32421 8.79111 1
1.07208 9.90735 10.7078 1
3.72587 10.6192 -5.20152 1
2.25126 10.586 -0.0115744 1
2.17181 -9.82433 -10.4885 1
-1.17925 -9.54156 5.5874 1
2.14281 -10.3183 -4.57612 1
2.25476 -10.2079 0.875063 1
6.64005 -9.34706 0.669581 1
7.81642 -10.2576 -1.06492 1
1.61689 -5.7502 4.11284 1
3.70665 -10.6314 -8.78851 1
1.88396 -8.35436 -8.72712 1
0.614225 -6.61534 -6.39454 1
2.82291 -9.36109 -6.70138 1
5.09346 -8.48406 -6.33777 1
2.51995 -6.34237 1.9538 1
5.578 -5.73718 -3.00159 1
3.79822 -4.42482 -10.1369 1
2.42864 -9.49504 -2.45576 1
0.969453 -6.87057 -3.51594 1
4.43643 -8.48082 -1.90089 1
4.99753 -7.67929 -4.15796 1
2.66153 -7.23123 -5.26909 1
2.14792 -6.08141 -0.388014 1
4.41625 -9.73098 0.129106 1
8.00981 -4.85775 -7.24305 1
-0.512908 -6.48001 4.38857 1
1.03617 -7.96528 -1.36521 1
1.06141 -8.23362 1.25972 1
1.05918 -7.11168 9.61571 1
7.98729 -4.60399 9.25662 1
1.5986 -8.08066 7.58498 1
2.49862 -5.42703 9.97748 1
4.34646 -5.69981 6.82546 1
-0.27039 -5.24406 -9.6361 1
0.60276 -0.527395 -7.97202 1
2.69145 -4.39916 -8.12101 1
1.4812 1.06006 -9.5568 1
1.75848 1.02572 -6.5654 1
4.67239 -3.61821 -5.75649 1
4.4921 -0.596812 -8.18914 1
-0.751714 -4.79396 -5.92856 1
-0.317026 -2.23162 -3.07063 1
7.95812 -2.61618 -4.61702 1
4.12065 -4.04662 -3.6016 1
0.628118 -3.29171 -4.88684 1
1.03094 -0.913159 -1.52408 1
5.44162 -3.36298 1.47674 1
6.02071 0.658419 -5.73406 1
0.973807 -4.33906 -1.34582 1
-0.19633 -2.24943 3.94567 1
3.2824 -3.98579 2.01426 1
1.36617 2.47213 5.07046 1
3.86671 -3.32033 4.17967 1
2.03928 7.99522 7.74579 1
9.23053 -5.23382 4.93707 1
3.11282 -1.72835 0.886048 1
5.14664 -1.09704 2.04416 1
0.395091 -0.752632 8.29762 1
3.14596 -4.17659 8.15619 1
2.33504 -0.300405 6.96088 1
1.51869 -2.80912 7.08033 1
4.13524 -2.42261 9.29742 1
2.20624 5.71175 -10.0325 1
0.227206 4.89969 -10.7859 1
2.59198 6.64666 -5.40589 1
1.48807 8.42169 -3.16802 1
4.86359 -2.40747 -2.16822 1
-0.335386 2.59416 -10.303 1
0.381428 5.91723 -5.51177 1
6.40874 2.7293 -6.65984 1
3.37216 6.78014 -7.92097 1
-0.203253 3.89619 -4.6172 1
4.16105 4.57255 0.37142 1
3.34398 -0.903282 -1.31877 1
-0.762523 8.04331 -2.79417 1
0.767903 2.30513 -3.40231 1
1.81665 0.0332035 1.62601 1
3.90866 1.34105 -1.73436 1
3.19463 4.26949 2.80037 1
-0.0418491 -0.0721227 0.34345 1
1.00717 5.14533 2.43566 1
2.85238 -0.0183979 4.8034 1
3.46377 2.02876 3.84283 1
4.6795 4.35987 6.41385 1
0.156516 5.74286 7.24787 1
6.58072 -0.42687 5.55804 1
5.26552 2.68463 5.03602 1
0.533805 -0.559797 10.8282 1
0.260466 3.61132 8.34608 1
4.11038 -0.436285 8.27316 1
2.09476 6.57835 5.88002 1
0.617207 1.58946 7.10636 1
6.25296 5.03641 8.06647 1
0.21997 1.70706 10.7628 1
5.10297 7.54124 -9.26722 1
-0.154283 8.6557 -8.53585 1
7.85544 6.33714 -6.86217 1
7.67873 9.1803 -9.74927 1
6.78029 8.14919 -7.83918 1
9.44175 6.69947 -5.18906 1
5.14221 8.21233 -2.46379 1
5.43728 9.70304 -0.677037 1
7.59309 4.28981 -3.78013 1
9.54441 6.26145 -0.702607 1
7.45331 8.00168 -2.61868 1
8.066 6.6882 5.27686 1
5.64108 5.05966 2.35415 1
4.79915 10.3748 7.8105 1
10.0725 6.22711 4.1481 1
8.79377 9.38236 4.39032 1
9.12526 8.3735 0.338281 1
8.33127 8.64083 6.56884 1
-3.99581 7.19498 8.02586 1
6.92802 5.41497 10.2072 1
7.0939 10.1075 7.92238 1
5.47777 7.1336 7.55147 1
7.32262 9.59329 10.1795 1
10.1935 8.81078 7.93622 1
6.45079 4.85825 -5.7155 1
6.5795 10.5308 -7.36009 1
7.54744 9.95628 -5.33657 1
5.09903 10.3784 2.728 1
9.6117 9.57594 10.0316 1
10.6682 -6.58081 -8.53557 1
10.0673 -10.6133 -7.81555 1
6.91428 -10.1204 2.854 1
5.43572 -9.25162 -10.6957 1
5.43545 -4.02078 -0.653683 1
5.23432 -6.83817 -7.94368 1
8.70015 -10.3442 -5.95191 1
3.99455 -7.72186 -9.62751 1
6.7614 -0.975376 -7.39582 1
6.51871 -10.1931 -6.73543 1
10.0205 -5.66057 -6.4298 1
4.41686 -6.23843 -0.956645 1
9.78606 -10.2124 -2.3664 1
9.77557 -6.74188 -4.26716 1
6.58461 -9.31827 -2.97888 1
6.28762 -6.99888 0.420437 1
5.45149 -4.69528 5.07895 1
9.56524 -5.57103 -2.21769 1
6.24219 -9.46134 6.03861 1
7.35696 -4.14419 2.30163 1
5.33535 -8.70302 3.89683 1
10.4487 -5.65595 3.0077 1
3.76076 -9.07346 7.52849 1
5.58013 -7.63084 7.52628 1
7.48755 -6.41889 2.26064 1
10.2535 -5.01329 8.63603 1
7.63602 -6.86032 8.33519 1
10.1907 -9.72738 -10.7081 1
7.00635 -5.82156 -9.049 1
6.02124 -3.76212 -10.03 1
3.46018 -1.87493 -6.5426 1
6.00276 -1.41173 -9.88291 1
10.4166 -0.629582 -3.45603 1
9.30176 0.675865 -9.89685 1
6.78545 -3.12906 -6.41078 1
6.87916 -1.64693 -2.91851 1
7.43996 -5.27278 -1.20339 1
9.485 -1.1995 -5.49368 1
5.91189 1.88679 1.06079 1
7.12858 -0.0814462 1.4376 1
8.49119 -3.56236 0.417483 1
4.41676 -7.84407 1.82484 1
6.40166 -6.68373 4.27696 1
7.5625 -3.75824 4.53709 1
8.01416 -6.90528 5.92313 1
8.32603 -1.82998 5.43961 1
10.6379 -0.61029 1.31178 1
4.74971 -1.19452 4.31906 1
6.15785 -3.15214 10.0726 1
7.65087 -0.116985 9.24333 1
10.357 -0.81171 4.82907 1
10.4842 -4.27546 6.51899 1
5.72253 3.68157 -9.83377 1
5.61565 5.83784 -10.6718 1
8.81805 4.57744 -10.6305 1
3.34719 1.3957 -8.24591 1
8.3896 2.38018 -7.70155 1
7.81028 2.67271 -9.97933 1
4.58015 3.25529 -7.94913 1
8.94844 0.0664344 -7.54223 1
9.29527 5.3402 -8.41732 1
2.38629 2.97143 -2.09399 1
5.32074 2.88374 -0.817994 1
8.62283 -0.587673 -1.91843 1
9.51239 3.00503 -4.62874 1
8.20132 0.782022 -4.78086 1
9.00993 3.98435 -0.00778973 1
10.5909 2.36467 -1.16222 1
10.7249 4.78754 -3.34009 1
3.93837 0.989445 1.88595 1
8.12172 1.45118 2.8865 1
10.2263 0.741313 3.1626 1
8.94532 3.12882 5.60531 1
7.25501 1.66829 4.95461 1
7.98838 4.9237 6.64213 1
9.13306 4.13536 3.43805 1
6.11651 0.203054 7.67259 1
8.7797 3.27818 9.13072 1
9.23394 5.15466 10.4036 1
8.7333 1.46973 10.42 1
10.2313 3.75339 -6.94729 1
10.531 9.66326 1.71785 1
8.93285 9.45713 -1.66993 1
8.72851 -8.83336 -4.07202 1
8.69827 -1.24824 0.24717 1
9.17622 -9.60322 3.34795 1
5.98346 -10.6044 -8.93343 1
9.23552 -6.02085 -10.3099 1
10.0264 -8.99794 7.13571 1
9.51683 -7.5797 2.22002 1
9.96317 -7.3756 8.67175 1
8.45943 -9.12598 5.53072 1
10.5205 -4.19829 1.20664 1
9.60879 -2.2475 7.36963 1
10.6222 6.72919 -9.7296 1
9.64662 8.90244 -5.37691 1
9.97036 -1.64961 -9.11509 1
3.69565 0.159575 -5.39722 1
10.8353 4.09226 1.65951 1
10.3864 3.16067 7.49766 1
-4.89583 8.83432 -4.64867 1
-9.55583 -1.67481 2.7304 1
-10.2759 -7.34735 -8.07098 1
-4.83749 3.9897 -6.92809 1
-9.13508 4.47636 -7.10421 1
-8.97354 7.49591 -3.0195 1
-9.41025 6.19905 -4.72779 1
-8.71747 10.2315 6.43028 1
-10.1202 -10.389 2.59757 1
-7.62802 -9.37051 10.8592 1
-10.6681 -8.73542 -6.22828 1
-10.3603 -7.00091 -2.40019 1
-8.68488 -5.87251 -1.21207 1
-10.549 -8.91154 10.6529 1
-8.99365 -1.29338 9.16626 1
-10.4779 0.0327416 -10.4442 1
-9.89361 -4.20742 -0.174778 1
-10.668 -3.46609 -2.15456 1
-8.13813 0.562417 1.20046 1
-6.3367 -0.52361 -3.80164 1
-9.88477 6.98202 -9.69878 1
-9.56026 3.85797 -3.83017 1
-10.6713 3.97669 -1.59229 1
-10.7 4.22915 4.26284 1
-10.6415 -0.240219 1.21911 1
-7.48199 10.6876 -9.45184 1
-9.10591 9.15537 -10.2487 1
-6.18605 9.13414 -10.5649 1
7.4555 3.56886 1.87155 1
-7.54328 6.09908 -1.83202 1
-7.2405 9.14559 -3.48446 1
-9.80792 9.92864 -1.51854 1
-5.72441 10.1829 1.67807 1
-10.19 6.67851 0.0495345 1
-10.3444 8.85795 2.80721 1
-7.1121 8.79398 3.0749 1
-8.11957 9.48704 -0.0909614 1
-8.7891 7.91786 1.42578 1
-8.85141 10.1896 4.13914 1
-6.1302 7.9883 5.06215 1
-4.39579 10.7044 3.46759 1
-9.97706 7.43 8.69418 1
-6.81283 9.08134 7.09879 1
-7.61131 7.83368 9.27989 1
-7.65359 9.98118 10.271 1
-6.73086 8.26125 -1.35533 1
-10.4307 9.41679 7.7169 1
-1.58763 -10.6698 -6.31293 1
-8.38736 -2.96687 0.949373 1
-3.40299 -9.6719 -7.32807 1
-5.41544 -8.49781 -9.8213 1
-8.58768 -2.20532 -8.82349 1
-5.28372 -9.29639 -0.0713915 1
-9.19378 -10.5052 4.74479 1
-10.7232 -9.21164 6.02181 1
-7.74406 -10.6949 7.9821 1
-5.85521 -7.18304 7.75613 1
-9.32292 -10.7829 9.70923 1
-9.68395 -8.36129 -10.1178 1
-4.71795 -5.52136 -5.57769 1
-5.02008 -6.35197 -7.66629 1
-3.77722 -10.0132 -9.53021 1
-7.99338 -9.53325 -9.04429 1
-7.58778 -7.40781 -5.82295 1
-8.87384 -5.86236 -6.95513 1
-5.27006 -9.69091 -6.09914 1
-5.7832 -4.68698 -9.19615 1
-6.40132 -10.4511 -2.64084 1
-9.0904 -8.91579 -2.45105 1
-8.74082 -9.06977 -4.72483 1
-6.6223 1.72321 -3.74588 1
-3.96784 -8.2807 -1.62165 1
-1.33156 -3.71994 -1.40694 1
-6.96266 -10.0931 3.93477 1
-8.30364 -7.20704 0.624442 1
-4.84783 -7.9085 1.64253 1
-7.95489 -5.04846 4.74498 1
-6.26442 -7.97266 3.381 1
-7.75855 -6.33637 2.76077 1
-10.6635 -6.96768 9.36076 1
-7.64529 -8.42784 8.39851 1
-6.02377 -5.60805 6.03371 1
-9.62441 -7.69222 7.43028 1
-9.85261 -5.2929 10.6415 1
-9.90838 -5.04486 -9.89227 1
-10.5079 -0.90402 -8.24978 1
-8.03529 -4.41217 -8.53077 1
-8.55232 -0.778848 -6.64267 1
-6.43288 -1.52545 -5.91923 1
-6.17544 0.390166 -9.05832 1
-10.2042 -4.90031 -5.38448 1
-4.61909 0.563894 2.61926 1
-9.31499 -3.40581 -3.94103 1
-0.654004 1.7618 3.93828 1
-5.83998 -3.57316 -5.08808 1
-7.24356 -1.45548 3.15097 1
-6.78209 -4.45574 1.77268 1
-10.1844 0.203608 -1.004 1
-9.35136 -0.0188599 4.52749 1
-6.76714 -3.01395 4.75993 1
-7.31924 -1.22267 -0.24678 1
-10.0132 -4.32429 5.56958 1
-8.51439 -4.17096 9.18315 1
-8.22167 -1.57096 5.94907 1
-9.4302 -2.92662 7.40729 1
-10.5011 -0.426316 10.617 1
-7.14875 -2.55139 10.2024 1
-6.99413 -0.159078 7.21252 1
-9.68875 2.14831 -10.6683 1
-7.50766 4.15651 -9.68825 1
-7.64464 1.22308 -7.50945 1
-5.74139 7.16184 -9.24082 1
-9.13093 2.67899 -8.51194 1
-7.30439 6.37481 -5.89228 1
-6.19112 2.28576 -6.00314 1
-7.98969 6.24206 -8.32307 1
-9.38136 -1.1983 -4.45917 1
-9.2152 2.41249 -0.270781 1
-8.37435 -0.383115 -2.43914 1
-7.60227 4.00502 -5.27213 1
-8.59147 2.05128 -2.61352 1
-8.75014 4.94539 -0.331428 1
-0.167326 7.74534 8.4972 1
-6.42125 4.81892 -3.3256 1
-10.1013 3.64798 1.90284 1
-7.86711 4.46067 1.97088 1
-7.0642 0.836208 3.5359 1
-8.34195 4.5684 4.30493 1
-5.16243 2.9671 6.74727 1
-6.81597 6.49795 1.92601 1
-9.58657 2.37363 7.7144 1
-8.29874 0.848947 8.81031 1
-8.09281 3.28122 6.26311 1
-6.96746 2.66764 0.814969 1
-7.06207 1.60119 10.6193 1
-6.58566 4.83969 7.18814 1
