V 5.43 5.43 5.43 4 4 4
O 5.57605 5.54207 5.55658
D 9.03318

-8.36278 4.2309 2.2117 1
-10.0824 -9.30638 0.089772 1
-7.51999 -6.72584 -0.38082 1
-8.17485 -8.52534 5.69004 1
-7.77893 -6.37377 6.53597 1
10.3172 -9.3552 9.93427 1
-10.3296 -6.4286 -2.85547 1
10.6648 -4.62154 -6.21935 1
10.6151 -4.25793 -2.26515 1
-8.43248 -2.91187 4.93993 1
-5.92571 -4.94509 9.4465 1
10.8261 -4.29615 7.99862 1
10.3729 -3.38902 3.86323 1
-10.4615 -0.98601 -8.173 1
10.5756 -1.14062 -4.4865 1
-8.32457 3.6031 -4.13932 1
10.4824 2.17137 2.19545 1
-10.8416 -1.09309 1.55769 1
10.3615 2.22352 -0.20654 1
-9.91674 3.42004 3.68571 1
10.5185 7.82508 -6.65144 1
10.4782 5.71118 -9.42246 1
-10.1931 6.21962 -5.28091 1
-6.1635 9.82174 1.33319 1
-8.89006 5.08255 -2.33216 1
-8.73729 7.14207 1.14312 1
-10.5992 1.44895 6.65154 1
10.5116 6.6317 4.75226 1
-10.4258 10.219 -8.77762 1
10.155 9.32364 7.00398 1
10.3322 9.76414 -2.52796 1
-10.3004 10.815 0.484121 1
-1.92332 -8.08455 -1.26395 1
-3.57512 -6.61415 10.6097 1
-9.98449 -9.8864 -7.45565 1
-5.48769 -9.6812 -4.54466 1
-1.38802 -5.71228 -6.94906 1
-9.41466 -9.8654 -3.73195 1
-7.69289 -9.7378 -7.65467 1
-4.60447 -6.06536 -3.88833 1
-3.90043 -8.42444 -3.64029 1
-5.77173 -8.5329 6.12768 1
-8.64037 -9.29198 7.96576 1
-6.85296 -10.1321 9.28524 1
-7.05226 -9.8324 -9.87476 1
-8.62605 -4.3376 -9.10526 1
-5.49453 -6.55322 -9.01995 1
-7.99465 -6.86394 -2.60374 1
-9.54076 -5.43728 -4.82251 1
-7.56218 -8.64459 -3.98747 1
-6.87336 -5.11808 -7.95348 1
-6.38966 -8.4357 -6.34202 1
-8.15177 -3.7326 -4.21898 1
-4.26902 -2.85242 -2.32072 1
-5.75161 -3.41394 -6.95257 1
-10.7954 -8.85774 -2.14846 1
10.6694 -4.0879 0.002724 1
-9.52423 -7.04957 0.76022 1
-6.64692 -5.13155 -3.14828 1
-7.57713 -2.72098 -0.18827 1
-8.96742 -4.02476 1.16352 1
-6.00362 -6.46747 2.63181 1
-6.02356 -4.02596 -1.22131 1
10.8054 -9.06867 2.34464 1
-7.68625 -5.10128 4.65349 1
-7.25682 -9.7796 3.09059 1
-8.33528 -6.0542 2.57966 1
-8.98108 -8.21037 3.39724 1
-9.04847 -5.68772 8.24952 1
-2.07158 -6.37027 7.31008 1
-5.29624 -4.91148 4.33659 1
-9.97277 -7.7239 9.08299 1
-5.783 -6.71163 7.77071 1
-9.50272 -5.25728 -10.0793 1
-8.50955 1.68693 -9.04956 1
-6.36926 -1.01749 -9.43096 1
-3.91455 4.08282 -8.4922 1
-10.2326 -3.24409 -7.89616 1
-10.28 0.250856 -6.27094 1
-6.99235 -2.21059 -5.43508 1
-6.98487 0.506278 -7.82803 1
-8.04191 -0.158446 -5.93272 1
-7.86283 1.33624 -4.17855 1
-5.65579 -1.45844 -3.70288 1
-5.13221 1.19214 -6.60253 1
-9.79119 -2.50045 -3.10914 1
-9.81778 0.312981 -0.028107 1
-6.05337 4.08311 -0.33338 1
-7.07718 -0.042044 -2.56913 1
-8.7456 -1.21521 -1.51882 1
10.5357 4.49038 0.36458 1
-6.39021 -1.09068 0.943918 1
-2.50977 -1.15133 -5.6461 1
-9.51168 -2.55555 2.83489 1
-9.20142 4.68746 7.90381 1
-6.11374 -2.6667 5.04174 1
-6.82361 2.81819 1.37242 1
-5.11643 -0.59858 4.20856 1
-9.07135 3.0016 5.88242 1
-5.62663 -1.31749 7.09343 1
-5.13286 2.79575 4.84392 1
-6.52138 -0.66643 9.13228 1
-9.92809 -1.3919 8.90326 1
-9.79783 -2.54392 6.79472 1
-8.10911 -4.48861 9.95246 1
-8.07237 -2.1937 10.0795 1
-5.26957 -5.26097 -10.0914 1
10.7123 2.32783 10.3868 1
-6.22377 9.47807 7.45289 1
-8.08401 7.12213 -9.16096 1
-5.97518 4.59367 -9.34546 1
-9.94064 2.61824 -7.40027 1
-8.63787 7.87603 -4.73029 1
-3.68174 1.32424 -2.96163 1
-7.30232 5.5285 -7.71514 1
-8.89902 4.4433 -6.26144 1
10.7513 5.93974 -3.01175 1
-4.91851 5.38864 -3.22176 1
-5.80543 6.84096 -6.54354 1
-7.78686 7.0998 -2.71332 1
-0.207099 3.77267 7.26273 1
-8.47208 9.29696 -2.17422 1
-7.59144 0.867764 0.508676 1
-0.940503 10.6668 8.39924 1
-5.79638 6.99854 -1.62166 1
10.4236 3.87634 8.55387 1
-7.61581 1.35664 8.65227 1
-9.0684 5.08135 0.046664 1
-9.33629 6.66465 9.40367 1
-9.43755 6.46756 6.23171 1
-6.87594 2.3919 6.54428 1
-4.09566 8.31035 5.01535 1
-9.8776 0.903488 8.7983 1
-10.2904 7.01017 -10.15 1
-2.13342 -10.2501 4.43249 1
-7.29272 3.66494 9.15314 1
-5.47948 4.28287 10.6465 1
-7.36307 6.19664 2.9068 1
-8.42122 -10.5786 -9.46966 1
-4.54697 8.80162 -9.16166 1
-9.2053 8.52635 -7.71643 1
-6.6665 -10.7255 -5.35154 1
-9.79729 9.85275 -4.20403 1
-5.34988 10.131 -7.29263 1
-7.22673 8.71698 -6.36612 1
-5.74607 10.3875 -3.35025 1
10.4392 7.71827 -1.50572 1
-6.54087 7.72806 0.546061 1
-7.09251 -10.6252 -1.60191 1
-4.20541 10.2301 2.46981 1
-10.5107 7.74781 2.69217 1
-10.3079 10.57 5.51068 1
-7.82332 7.31617 4.84928 1
-7.63982 10.6865 2.87486 1
-9.03572 9.20123 4.04074 1
-6.00085 7.72852 6.10368 1
-9.73673 8.2065 7.75196 1
-10.0735 10.6372 -10.2815 1
-7.63695 7.71874 10.5996 1
-8.30408 9.95088 8.08327 1
-8.07967 9.98597 10.3584 1
-9.58903 8.73443 -0.30153 1
-0.281501 -7.34543 -8.3589 1
2.84569 -9.1701 -8.80218 1
6.1106 -0.52861 -2.05099 1
0.81782 -8.87685 -9.88816 1
-2.00493 -8.70728 -7.41873 1
-3.76907 -9.7465 6.5896 1
1.63716 -7.87501 4.02947 1
4.93263 -5.67877 4.53395 1
-5.46305 -8.05825 9.78981 1
0.81201 -8.83439 7.67913 1
0.86083 -1.00392 -9.84226 1
-2.68387 -3.92266 -7.78132 1
-0.414428 -5.52461 -9.86116 1
5.49295 0.908289 -9.25486 1
-4.38062 -7.81621 -7.43912 1
-3.99393 -4.33917 -5.79831 1
-1.84375 -8.49053 -4.94389 1
0.081 -4.55868 -5.62837 1
-3.22647 -6.60501 -5.82333 1
-3.33539 -5.07727 -2.26819 1
-0.507107 -7.53254 -3.18114 1
1.58861 -1.40869 -4.06648 1
-2.66956 -10.0042 -2.3426 1
-5.49084 -5.65348 0.442582 1
-1.05709 -8.30139 0.953518 1
-1.10915 -5.29393 -2.64666 1
-3.63208 -6.5571 -0.5756 1
-4.10674 -3.87152 1.72523 1
-2.25962 -6.30832 1.23506 1
-0.876993 -4.55748 0.578462 1
-5.31988 -8.58515 3.73768 1
-4.17182 -5.8237 6.32551 1
-2.0101 -8.73728 5.26707 1
-3.02689 -5.33907 3.23884 1
-3.53737 -7.23964 4.50653 1
-4.14653 -3.3616 6.53514 1
0.039553 -7.81288 5.71598 1
-1.12826 -4.39474 4.29293 1
-4.12169 -3.60576 8.80735 1
-1.43556 -7.89651 10.6535 1
-1.37713 -8.33379 8.40875 1
-2.52602 -5.16904 9.1608 1
-0.611971 -4.14162 9.75224 1
-1.23451 -2.19389 -7.3602 1
-1.30707 -1.01749 -9.32686 1
-4.53949 -2.28804 -8.70082 1
-4.30917 0.074821 -4.73103 1
-0.617418 -3.3376 -3.84439 1
-2.27448 0.953058 -8.71789 1
-3.70076 -0.38192 -7.55488 1
-1.58529 2.37298 -2.22841 1
-0.699666 -0.90007 -4.19074 1
-0.879579 1.96238 -7.19755 1
-2.94991 -2.99467 -4.29098 1
-4.42899 -0.040198 0.178021 1
-2.20893 -2.73353 0.795483 1
-1.75311 -0.129461 -2.24816 1
-3.07 -1.50423 -0.9272 1
-3.30668 1.39965 1.61732 1
-0.622403 -1.44627 1.93329 1
-0.650834 1.10149 -0.40861 1
-5.56126 -2.35884 2.6271 1
-5.05688 0.733545 6.09574 1
-2.16528 -2.6919 5.53329 1
-1.79695 0.258426 2.89572 1
-2.94769 -1.00936 4.27815 1
-3.08432 1.05266 7.22266 1
-0.693666 -1.72513 6.97508 1
-0.927856 1.76354 6.33714 1
2.96245 -5.96142 8.33472 1
-4.75595 -0.55935 10.7974 1
-1.27383 -2.453 -10.4152 1
-1.93422 -0.54006 8.43017 1
-3.09354 -1.87061 9.90325 1
0.26479 -0.68526 -10.8428 1
-0.598955 1.01906 9.54001 1
-0.607448 4.67814 -9.67546 1
-4.29865 3.33142 -6.38458 1
-5.50385 4.93798 -5.31766 1
-2.10185 3.23413 -5.76213 1
-2.27928 5.83358 -8.41965 1
-1.77129 5.69715 -2.57217 1
-3.23256 7.07672 -3.70048 1
-2.75245 4.14763 -1.08598 1
-0.796407 7.04746 -6.87364 1
-4.74293 3.34638 -2.0917 1
-4.36705 5.71746 -0.1218 1
-1.78902 2.87209 0.664864 1
-2.67399 7.33195 -0.31076 1
-5.69346 1.18946 -1.29368 1
-5.24039 6.38781 1.95434 1
-0.108328 4.03169 1.76262 1
-0.448213 6.87419 -1.00484 1
-5.00704 2.4939 2.64261 1
-1.66292 5.35864 8.11613 1
-3.54891 4.29874 9.12092 1
-2.34325 5.95275 4.21059 1
-2.72994 6.50975 6.38347 1
-2.28639 7.49692 -10.6786 1
5.10858 5.12648 6.75881 1
-0.267194 5.59376 3.53331 1
-4.11496 1.21245 9.39315 1
-5.73371 6.54834 -10.5935 1
-2.35174 2.50405 9.99418 1
-4.8034 6.28766 7.38439 1
-5.50385 4.07923 7.6555 1
0.2431 8.64036 8.49857 1
-4.0148 6.70342 9.63481 1
-0.592771 9.85221 -9.16816 1
-3.71755 7.46571 -7.31525 1
-2.2717 8.29411 -5.47754 1
-1.7184 -10.4624 -7.73701 1
-3.21345 10.3216 -6.26098 1
-0.742683 9.59965 -3.95119 1
-4.51198 8.61442 -2.56682 1
-4.95885 -10.6058 -0.27014 1
-2.48568 8.92846 1.51827 1
-1.99025 -10.7776 -2.51448 1
-3.22526 9.61201 -0.93154 1
-0.274947 8.50282 0.870161 1
-3.54835 7.41799 2.98609 1
-4.21575 10.6037 4.82472 1
4.12067 9.71475 7.00795 1
-1.44295 -10.6022 2.13804 1
-4.71719 -10.5999 7.05503 1
-4.13056 -10.2386 10.5433 1
-3.3173 9.52423 -10.0398 1
1.09558 10.6019 -10.2238 1
4.43185 -7.67377 -9.52766 1
9.59466 -5.8837 -9.13356 1
4.19637 -8.65189 -4.71875 1
6.53708 -8.01459 -8.50891 1
2.87744 -9.646 -3.1517 1
7.1177 -9.7052 -6.94536 1
6.20107 -6.61756 6.27639 1
8.30075 -5.57557 6.19766 1
2.1085 -10.08 4.83701 1
2.93191 -9.5358 6.93069 1
0.96644 -5.60114 10.4314 1
1.22814 -4.13386 -9.06803 1
2.08136 -7.23077 -7.69299 1
0.97308 -6.3146 -4.51317 1
8.48093 -9.22467 -5.12408 1
3.45872 -3.53856 -7.07616 1
2.85889 -6.95357 -5.54511 1
3.96024 -1.82621 0.231376 1
5.9042 -7.46174 -3.69512 1
3.26366 -5.47781 -8.87376 1
1.26396 -8.47594 -1.92453 1
0.88086 -7.38374 1.8384 1
0.57938 -4.90457 -1.1218 1
1.63818 -6.82498 -0.34926 1
0.21707 -5.24233 2.43851 1
5.13673 -3.45816 5.21917 1
7.83847 -1.61907 -0.99681 1
6.03684 -5.652 -5.12482 1
-0.269686 -5.56588 6.07598 1
8.61793 -6.75723 8.30002 1
2.07647 -4.11983 3.14985 1
2.6367 -5.79489 4.70038 1
1.86683 -4.70185 6.76536 1
5.31775 -4.86737 2.36651 1
2.05967 -9.4023 -10.6063 1
3.61629 -2.53598 10.1851 1
3.10157 -4.7492 10.3323 1
7.18204 -1.82335 -7.07662 1
2.02237 2.06087 -9.75006 1
3.24678 0.416552 -8.69593 1
0.99219 -3.04314 -7.11383 1
0.28279 0.444153 -5.92755 1
3.63152 -3.42363 -3.48438 1
-0.855024 4.53644 -4.34508 1
1.53183 -0.74092 -7.4815 1
1.59322 1.5167 -4.37018 1
4.57391 -1.231 -3.76334 1
4.14513 0.839793 -6.53366 1
1.5347 -3.17504 -2.41829 1
0.84099 -0.29645 0.579754 1
-0.579293 1.70317 4.08458 1
2.79224 0.176547 -2.76132 1
2.13001 -1.34361 -1.01721 1
2.33429 0.839425 1.92397 1
7.30999 -1.51587 5.00916 1
3.42032 2.10749 -1.53581 1
0.38073 -2.58878 3.67002 1
0.76696 0.038266 6.47753 1
3.24604 -2.74608 6.3183 1
3.38663 -0.68378 3.36964 1
1.8745 -1.38543 4.97648 1
3.1721 2.23912 8.98542 1
4.33281 -1.29026 7.98312 1
4.73131 0.838132 4.46425 1
0.62526 -3.15917 8.10736 1
2.4722 0.184762 8.08844 1
1.72458 -1.57467 9.39398 1
6.66935 4.25804 -10.3598 1
8.29041 5.30077 7.39538 1
2.0737 7.18416 -9.24756 1
5.17134 4.73251 -8.86615 1
0.62101 3.25121 -8.38595 1
0.5887 5.74063 -5.58129 1
3.04637 2.71341 -5.65154 1
3.33733 5.77654 -7.94784 1
1.92332 4.34065 -6.86302 1
1.74129 7.10894 -4.15981 1
4.43019 3.93651 -4.37489 1
4.58582 7.03444 -6.46055 1
0.35294 3.00594 -3.2128 1
0.83296 5.12067 -0.078968 1
4.02901 1.57135 0.560831 1
1.75034 3.6931 -1.60282 1
2.20533 6.34562 1.21909 1
4.83487 3.47432 1.55778 1
4.77838 6.75142 -0.86554 1
1.22796 2.59858 3.02892 1
0.68526 5.18686 5.65755 1
3.61112 2.44562 5.59524 1
3.45429 4.97381 2.56571 1
2.4315 4.07083 4.49721 1
0.84016 7.34544 6.67037 1
6.92441 5.17615 5.30917 1
4.3821 7.04063 3.24723 1
0.89868 2.79889 9.0709 1
1.08921 6.04525 -10.7434 1
3.80821 2.69892 -10.5363 1
3.64316 6.00768 5.29985 1
0.65932 3.77617 -10.5484 1
4.41071 4.93698 -10.0121 1
4.66724 9.84694 -8.8765 1
0.71877 8.47762 -7.89367 1
0.74886 -10.637 -5.04876 1
3.31878 8.3878 -5.14494 1
3.47219 -10.4036 -7.58793 1
2.05819 9.81371 -6.46885 1
4.65634 9.52838 -3.6534 1
0.60015 8.25847 -2.56072 1
0.41212 10.7235 0.28787 1
3.28278 8.09398 0.203314 1
3.32625 -10.8204 -2.35608 1
1.9476 9.4994 -1.11755 1
4.50598 9.28136 1.83415 1
0.78117 7.45141 2.62212 1
2.82565 8.07191 5.99743 1
3.03631 10.6837 3.27798 1
2.46796 8.48998 3.76944 1
-0.612433 6.83718 9.59891 1
4.12704 8.70867 10.2642 1
2.98803 -10.4653 8.35087 1
2.01886 9.62143 9.62881 1
4.84891 10.4418 -9.9736 1
3.30566 6.55702 10.5818 1
7.2522 -8.5089 7.23088 1
7.2906 -9.27386 -3.03234 1
9.48916 -7.18841 -5.29025 1
10.0006 -8.58968 8.91305 1
1.69762 -7.66297 9.45841 1
3.20754 -1.37186 -5.86044 1
9.59336 -9.5013 -9.84906 1
5.56708 -4.91785 -9.02327 1
3.91759 -4.87576 -5.25591 1
8.07311 -8.51758 -0.93422 1
8.89966 -5.65532 -6.96631 1
8.93907 -2.82491 -2.70057 1
6.78557 -6.68468 -1.63015 1
7.30131 -4.24132 1.43159 1
7.45648 -4.04202 -4.2416 1
8.41762 -5.28202 -2.42309 1
9.82076 3.74849 6.53338 1
9.80756 -0.60357 -3.68995 1
7.43294 -9.9516 2.62119 1
5.18676 -5.80422 8.18739 1
8.21324 -10.157 6.00103 1
7.13017 -3.41246 6.50745 1
8.74799 -3.69439 4.60263 1
6.28387 -9.5597 9.24084 1
5.86672 -5.62209 10.4171 1
8.47106 -7.45222 -9.9883 1
7.11974 -7.41337 9.93649 1
7.44494 -4.39299 -10.2305 1
6.39889 1.6752 -7.22857 1
8.51759 1.28067 -8.28081 1
5.3219 -2.68793 -8.36998 1
6.24777 -0.074537 -5.42372 1
8.45824 -3.53238 -6.19544 1
8.15813 -0.89166 -9.01546 1
6.72917 1.19039 -3.43508 1
9.47456 2.22869 -6.12316 1
9.83336 -0.42144 -1.28094 1
5.61324 -0.156508 0.218637 1
8.80809 -0.79585 2.34722 1
8.83162 -0.32636 -5.87678 1
7.03453 -1.94566 1.29266 1
7.38651 0.947797 1.5539 1
3.8203 -3.01895 2.16491 1
5.74635 -0.275034 6.26578 1
8.87399 0.104914 4.53543 1
5.64019 -1.9547 3.34749 1
6.74597 1.55501 7.26707 1
9.76066 -0.53092 8.16644 1
5.74487 -0.171924 9.61959 1
8.57251 -2.83867 10.362 1
9.79936 -4.92386 9.28911 1
8.6543 -2.57152 7.99354 1
8.74033 3.03419 -9.86226 1
7.46627 7.46627 -8.82378 1
8.7911 4.1385 -7.67655 1
8.92015 1.67298 -3.75651 1
5.78216 5.39714 -5.36408 1
9.01204 5.56459 -2.94197 1
8.56392 6.45898 -7.1405 1
6.51732 4.03399 -7.11706 1
7.04497 6.46867 -3.75107 1
5.26154 2.76695 -2.69734 1
5.85388 5.2032 0.437873 1
9.26996 2.30854 1.33033 1
9.86036 3.37351 -2.45494 1
7.46738 6.08162 1.7736 1
6.02457 2.11321 3.00843 1
7.63944 7.95366 5.897 1
8.35955 2.10509 5.66604 1
8.86089 4.35228 2.42328 1
7.52359 3.43343 4.05191 1
9.47316 7.28294 7.30362 1
4.81411 2.94354 7.48261 1
8.15509 -0.61723 -10.5327 1
7.95514 0.655451 9.11216 1
8.27823 4.59995 9.59864 1
9.58946 8.26983 9.44032 1
9.94696 10.6363 -9.14006 1
5.92174 8.53706 -7.5427 1
5.92432 -10.6193 -4.81928 1
7.99631 7.83541 -5.28258 1
9.11439 -10.6634 -7.01469 1
7.22774 9.83734 -6.18352 1
9.37556 9.12591 -3.91621 1
5.92672 7.98007 -2.39438 1
5.9282 10.5742 0.42652 1
8.55673 7.50956 0.344363 1
8.52331 10.4752 -2.27244 1
7.26771 9.1297 -0.84995 1
9.84636 9.48241 2.89757 1
6.70222 7.06315 3.83673 1
4.71081 10.6488 5.00916 1
7.82369 10.6459 3.11893 1
6.09168 9.37044 3.6259 1
6.39159 6.84262 7.64867 1
7.92311 9.71947 8.51777 1
5.68967 8.84086 8.51085 1
6.66788 -6.05244 -7.31774 1
9.35206 -4.1635 2.43583 1
9.94636 6.03158 10.8019 1
9.23546 2.49537 9.60869 1
8.61562 10.049 6.27492 1
