0.0010 6374015.82 -3.21965e+09
0.0020 3154368.61 -2.14564e+09
0.0030 2082731.41 -8.046e+08
0.0040 1545167.62 -429797760
0.0050 1223135.89 -2.68202e+08
0.0060 1008764.49 -1.83639e+08
0.0070 855857.25 -1.3366e+08
0.0080 741443.95 -1.01565e+08
0.0090 652728.09 -7.98545e+07
0.0100 581734.92 -6.44575e+07
0.0110 523813.11 -5.30817e+07
0.0120 475571.57 -4.44515e+07
0.0130 434910.18 -3.77002e+07
0.0140 400171.12 -3.23703e+07
0.0150 370169.49 -2.80771e+07
0.0160 344016.97 -2.45879e+07
0.0170 320993.64 -21705980
0.0180 300605.01 -1.92921e+07
0.0190 282409.37 -1.72801e+07
0.0200 266044.71 -1.59495e+07
0.0400 113127.07 -5.02382e+06
0.0600 65092.05 -1.76181e+06
0.0800 42654.48 -877470
0.1000 29993.24 -515515
0.1200 22033.90 -331256
0.1400 16743.02 -223279
0.1600 13102.73 -155527
0.1800 10521.96 -112862
0.2000 8588.26 -86053.5
0.2200 7079.82 -67621.8
0.2400 5883.39 -53903.8
0.2600 4923.67 -43486.7
0.2800 4143.92 -35469.3
0.3000 3504.90 -29105.5
0.3200 2979.70 -23933.2
0.3400 2547.57 -19712
0.3600 2191.22 -16287.5
0.3800 1896.07 -13518.7
0.4000 1650.47 -11276.5
0.4200 1445.01 -9464.75
0.4400 1271.88 -7992.25
0.4600 1125.32 -6790
0.4800 1000.28 -5819
0.5000 892.56 -5043
0.5200 798.56 -4431.5
0.5400 715.30 -3950.75
0.5600 640.53 -3561
0.5800 572.86 -3222.75
0.6000 511.62 -2909.75
0.6200 456.47 -2612.75
0.6400 407.11 -2331.75
0.6600 363.20 -2070.5
0.6800 324.29 -1832.75
0.7000 289.89 -1619
0.7200 259.53 -1428.75
0.7400 232.74 -1261.25
0.7600 209.08 -1113.75
0.7800 188.19 -984.5
0.8000 169.70 -871.75
0.8200 153.32 -772.75
0.8400 138.79 -686.5
0.8600 125.86 -611.25
0.8800 114.34 -545.5
0.9000 104.04 -488
0.9200 94.82 -437.5
0.9400 86.54 -393.75
0.9600 79.07 -355
0.9800 72.34 -321
1.0000 66.23 -293.4
1.1000 42.94 -192.75
1.2000 27.68 -128.4
1.3000 17.26 -88.15
1.4000 10.05 -60.85
1.5000 5.09 -41.5
1.6000 1.75 -27.6
1.7000 -0.43 -17.45
1.8000 -1.74 -11.35
1.9000 -2.70 -8
2.0000 -3.34 -4.7
2.1000 -3.64 -1.9
2.2000 -3.72 -0.5
2.3000 -3.74 -3.55271e-15
2.4000 -3.72 0.45
2.5000 -3.65 1.15
2.6000 -3.49 1.85
2.7000 -3.28 2.15
2.8000 -3.06 2.3
2.9000 -2.82 2.4
3.0000 -2.58 2.4
3.1000 -2.34 2.4
3.2000 -2.10 2.35
3.3000 -1.87 2.2
3.4000 -1.66 2.1
3.5000 -1.45 2.25
3.6000 -1.21 1.9
3.7000 -1.07 1.15
3.8000 -0.98 0.9
3.9000 -0.89 0.85
4.0000 -0.81 0.776364
5.0000 -0.27 0.4
6.0000 -0.01 0.135
7.0000 0.00 0.01
8.0000 0.01 0.005
9.0000 0.01 0
