  0.10    0.009817130318
  0.20    0.005363120000
  0.30    0.002849100000
  0.40    0.001547420000
  0.50    0.000825226966
  0.60    0.000428857000
  0.70    0.000215928886
  0.80    0.000110003000
  0.90    0.000058038591
  1.00    0.000034648800
  1.10    0.000023770624
  1.20    0.000018982600
  1.30    0.000016799113
  1.40    0.000015836400
  1.50    0.000015349337
  1.60    0.000015045500
  1.70    0.000014769312
  1.80    0.000014459900
  1.90    0.000014086926
  2.00    0.000013647500
  2.10    0.000013147247
  2.20    0.000012598400
  2.30    0.000012015250
  2.40    0.000011413700
  2.50    0.000010808817
  2.60    0.000010210700
  2.70    0.000009627806
  2.80    0.000009066980
  2.90    0.000008533891
  3.00    0.000008031100
  3.10    0.000007560053
  3.20    0.000007120840
  3.30    0.000006712999
  3.40    0.000006335230
  3.50    0.000005985953
  3.60    0.000005663320
  3.70    0.000005365408
  3.80    0.000005090270
  3.90    0.000004835984
  4.00    0.000004600760
  4.10    0.000004382883
  4.20    0.000004180810
  4.30    0.000003993083
  4.40    0.000003818410
  4.50    0.000003655584
  4.60    0.000003503570
  4.70    0.000003361397
  4.80    0.000003228190
  4.90    0.000003103150
  5.00    0.000002985700
  5.10    0.000002875317
  5.20    0.000002771477
  5.30    0.000002673659
  5.40    0.000002581340
  5.50    0.000002493995
  5.60    0.000002411104
  5.70    0.000002332143
  5.80    0.000002256588
  5.90    0.000002183918
  6.00    0.000002113610
