A
$
NaCl
OTH
0
2
11.28
11.28
11.28
8
1
2
2
1
2
1
1
2
17
11
35.46
22.99
0
0
0
0.5
0
0
0
0
0.5
0.5
0
0.5
0
0.5
0
0.5
0.5
0
0
0.5
0.5
0.5
0.5
0.5
#
$
KCl
OTH
0
2
12.58
12.58
12.58
8
1
2
2
1
2
1
1
2
19
17
39.07
35.45
0   
0
0
0.5
0
0
0
0
0.5
0.5
0 
0.5
0
0.5  
0
0.5
0.5
0  
0
0.5
0.5
0.5
0.5
0.5
#
$
CaF
DIA
0
2
4.255
1
1
1
1
2
2
2
2
29
9
63.55
19.00
#
$
CuCl
DIA
250
2
5.4057
1
1
1
1
2
2
2
2
29
17
63.55
35.45
#
$
CuBr
DIA
161
2
5.6905
1
1
1
1
2
2
2
2
29
35
63.55
79.90
#
$
CuI
DIA
180
2
6.0427
1
1
1
1
2
2
2
2
29
53
63.55
126.90
#
$
AgI
DIA
160
2
6.473
1
1
1
1
2
2
2
2
47
53
107.87
126.90
#
$
BeS
DIA
0
2
4.865
1
1
1
1
2
2
2
2
4
16
9.01
32.07
#
$
BeSe
DIA
0
2
5.139
1
1
1
1
2
2
2
2
4
34
9.01
78.96
#
$
BeTe
DIA
0
2
5.626
1
1
1
1
2
2
2
2
4
52
9.01
127.60
#
$
BePo
DIA
0
2
8.38
1
1
1
1
2
2
2
2
4
84
9.01
209
#
$
ZnO
DIA
370
2
4.63
1
1
1
1
2
2
2
2
30
8
65.39
16.00
#
$
ZnS
DIA
350
2
5.4093
1
1
1
1
2
2
2
2
30
16
65.39
32.07
#
$
ZnSe
DIA
275
2
5.6676
1
1
1
1
2
2
2
2
30
34
65.39
78.96
#
$
ZnTe
DIA
250
2
6.101
1
1
1
1
2
2
2
2
30
52
65.39
127.60
#
$
CdS
DIA
210
2
5.58
1
1
1
1
2
2
2
2
48
16
112.41
32.07
#
$
CdSe
DIA
230
2
6.05
1
1
1
1
2
2
2
2
48
34
112.41
78.96
#
$
CdTe
DIA
150
2
6.477
1
1
1
1
2
2
2
2
48
52
112.41
127.60
#
$
HgS
DIA
0
2
5.85
1
1
1
1
2
2
2
2
80
16
200.59
32.07
#
$
HgSe
DIA
0
2
6.084
1
1
1
1
2
2
2
2
80
34
200.59
78.96
#
$
HgTe
DIA
0
2
6.429
1
1
1
1
2
2
2
2
80
52
200.59
127.60
#
$
GaP
DIA
468
2
5.45
1
1
1
1
2
2
2
2
31
15
69.72
30.97
#
$
GaAs
DIA
345
2
5.65
1
1
1
1
2
2
2
2
31
33
69.72
74.92
#
$
GaSb
DIA
266
2
6.095
1
1
1
1
2
2
2
2
31
51
69.72
121.75
#
$
InP
DIA
321
2
5.869
1
1
1
1
2
2
2
2
49
15
114.82
30.97
#
$
InAs
DIA
247
2
6.058
1
1
1
1
2
2
2
2
49
33
114.82
74.92
#
$
InSb
DIA
207
2
6.479
1
1
1
1
2
2
2
2
49
51
114.82
121.75
#
$
BN
DIA
598
2
3.615
1
1
1
1
2
2
2
2
5
7
10.81
14.01
#
$
BP
DIA
985
2
4.538
1
1
1
1
2
2
2
2
5
15
10.81
30.97
#
$
BAs
DIA
800
2
4.777
1
1
1
1
2
2
2
2
5
33
10.81
74.9216
#
$
AlP
DIA
588
2
5.451
1
1
1
1
2
2
2
2
13
15
26.98
30.97
#
$
AlAs
DIA
414
2
5.662
1
1
1
1
2
2
2
2
13
33
26.98
74.92
#
$
AlSb
DIA
0
2
6.1355
1
1
1
1
2
2
2
2
13
51
26.98
121.75
#
$
CuTi
OTH
0
2
3.108
5.887
3.108
4
1
1 
2   
2  
29
22
63.546
47.9 
0
0
0
0.5
0.5 
0.2  
0
0    
0.452
0.5
0.5 
0.748
#%
