   0.000e+00    0.000e+00
   9.890e-04    3.868e-01
   1.978e-03    7.421e-01
   2.967e-03    1.086e+00
   3.956e-03    1.424e+00
   4.945e-03    1.756e+00
   5.934e-03    2.084e+00
   6.923e-03    2.409e+00
   7.912e-03    2.731e+00
   8.901e-03    3.051e+00
   9.890e-03    3.369e+00
   1.088e-02    3.685e+00
   1.187e-02    3.999e+00
   1.286e-02    4.311e+00
   1.385e-02    4.622e+00
   1.484e-02    4.932e+00
   1.582e-02    5.240e+00
   1.681e-02    5.548e+00
   1.780e-02    5.854e+00
   1.879e-02    6.159e+00
   1.978e-02    6.463e+00
   2.077e-02    6.767e+00
   2.176e-02    7.069e+00
   2.275e-02    7.371e+00
   2.374e-02    7.672e+00
   2.473e-02    7.972e+00
   2.571e-02    8.271e+00
   2.670e-02    8.570e+00
   2.769e-02    8.868e+00
   2.868e-02    9.165e+00
   2.967e-02    9.462e+00
   3.066e-02    9.758e+00
   3.165e-02    1.005e+01
   3.264e-02    1.035e+01
   3.363e-02    1.064e+01
   3.461e-02    1.094e+01
   3.560e-02    1.123e+01
   3.659e-02    1.152e+01
   3.758e-02    1.182e+01
   3.857e-02    1.211e+01
   3.956e-02    1.240e+01
   4.055e-02    1.269e+01
   4.154e-02    1.298e+01
   4.253e-02    1.327e+01
   4.352e-02    1.356e+01
   4.450e-02    1.385e+01
   4.549e-02    1.414e+01
   4.648e-02    1.443e+01
   4.747e-02    1.472e+01
   4.846e-02    1.501e+01
