0.1 1.5532252567151116e-02
0.2 8.2897700000000001e-03
0.3 3.8917155865697754e-03
0.4 1.6161599999999999e-03
0.5 7.4117391343022287e-04
0.6 5.4482799999999991e-04
0.7 4.4316199999999987e-04
0.8 3.6984900000000000e-04
0.9 2.8278800000000002e-04
1 1.9394291805069553e-04
1.1 1.2008100000000000e-04
1.2 7.0173699999999907e-05
1.3 4.0500332576447469e-05
1.4 2.4413999999999973e-05
1.5 1.5987458169298922e-05
1.6 1.1908800000000000e-05
1.7 9.8548009963568100e-06
1.8 8.8416300000000006e-06
1.9 8.3011153452738348e-06
2 7.9883299999999998e-06
2.1 7.7607663725478421e-06
2.2 7.5623499999999997e-06
2.3 7.3636866645347923e-06
2.4 7.1556699999999987e-06
2.5 6.9357769693129867e-06
2.6 6.7075300000000001e-06
2.7 6.4748792082132605e-06
2.8 6.2374399999999992e-06
2.9 5.9964599999999990e-06
3 5.7613631226759360e-06
3.1 5.5335399999999999e-06
3.2 5.3124500000000003e-06
3.3 5.1001091932637401e-06
3.4 4.8974199999999988e-06
3.5 4.7047491134410363e-06
3.6 4.5221899999999998e-06
3.7 4.3496918529721123e-06
3.8 4.1868999999999988e-06
3.9 4.0333734746705082e-06
4 3.8886299999999999e-06
4.1 3.7521229983458476e-06
4.2 3.6230899999999998e-06
4.3 3.5007920680868650e-06
4.4 3.3848002891261468e-06
4.5 3.2747632554863699e-06
4.6 3.1703295595360598e-06
4.7 3.0711477936437427e-06
4.8 2.9768665501779428e-06
4.9 2.8871344215071873e-06
5 2.8016000000000000e-06
5.1 2.7199118780249063e-06
5.2 2.6417186479504333e-06
5.3 2.5666689021451039e-06
5.4 2.4944112329774462e-06
5.5 2.4245942328159836e-06
5.6 2.3568664940292426e-06
5.7 2.2908766089857479e-06
5.8 2.2262731700540259e-06
5.9 2.1627047696026016e-06
