0 0
4725.41 0.3375
9450.83 0.6475
14176.2 0.9479
18901.7 1.242
23627.1 1.532
28352.5 1.819
33077.9 2.102
37803.3 2.383
42528.7 2.662
47254.1 2.94
51979.5 3.215
56705 3.489
61430.4 3.762
66155.8 4.033
70881.2 4.303
75606.6 4.572
80332 4.841
85057.4 5.108
89782.9 5.374
94508.3 5.64
99233.7 5.904
103959 6.168
108685 6.431
113410 6.694
118135 6.956
122861 7.217
127586 7.478
132312 7.738
137037 7.997
141762 8.256
146488 8.514
151213 8.772
155939 9.03
160664 9.287
165389 9.543
170115 9.799
174840 10.06
179566 10.31
184291 10.57
189017 10.82
193742 11.07
198467 11.33
203193 11.58
207918 11.83
212644 12.09
217369 12.34
222051 12.59
226864 12.84
231458 13.09
