0.70625 0.70625 0.70625 1 
3.53125 3.53125 0.70625 1 
3.53125 0.70625 3.53125 1 
0.70625 3.53125 3.53125 1 
2.11875 2.11875 2.11875 2 
4.94375 4.94375 2.11875 2 
4.94375 2.11875 4.94375 2 
2.11875 4.94375 4.94375 2 
0.70625 0.70625 6.35625 1 
3.53125 3.53125 6.35625 1 
3.53125 0.70625 9.18125 1 
0.70625 3.53125 9.18125 1 
2.11875 2.11875 7.76875 2 
4.94375 4.94375 7.76875 2 
4.94375 2.11875 10.5938 2 
2.11875 4.94375 10.5938 2 
0.70625 0.70625 12.0063 1 
3.53125 3.53125 12.0063 1 
3.53125 0.70625 14.8313 1 
0.70625 3.53125 14.8313 1 
2.11875 2.11875 13.4187 2 
4.94375 4.94375 13.4187 2 
4.94375 2.11875 16.2437 2 
2.11875 4.94375 16.2437 2 
0.70625 6.35625 0.70625 1 
3.53125 9.18125 0.70625 1 
3.53125 6.35625 3.53125 1 
0.70625 9.18125 3.53125 1 
2.11875 7.76875 2.11875 2 
4.94375 10.5938 2.11875 2 
4.94375 7.76875 4.94375 2 
2.11875 10.5938 4.94375 2 
0.70625 6.35625 6.35625 1 
3.53125 9.18125 6.35625 1 
3.53125 6.35625 9.18125 1 
0.70625 9.18125 9.18125 1 
2.11875 7.76875 7.76875 2 
4.94375 10.5938 7.76875 2 
4.94375 7.76875 10.5938 2 
2.11875 10.5938 10.5938 2 
0.70625 6.35625 12.0063 1 
3.53125 9.18125 12.0063 1 
3.53125 6.35625 14.8313 1 
0.70625 9.18125 14.8313 1 
2.11875 7.76875 13.4187 2 
4.94375 10.5938 13.4187 2 
4.94375 7.76875 16.2437 2 
2.11875 10.5938 16.2437 2 
0.70625 12.0063 0.70625 1 
3.53125 14.8313 0.70625 1 
3.53125 12.0063 3.53125 1 
0.70625 14.8313 3.53125 1 
2.11875 13.4187 2.11875 2 
4.94375 16.2437 2.11875 2 
4.94375 13.4187 4.94375 2 
2.11875 16.2437 4.94375 2 
0.70625 12.0063 6.35625 1 
3.53125 14.8313 6.35625 1 
3.53125 12.0063 9.18125 1 
0.70625 14.8313 9.18125 1 
2.11875 13.4187 7.76875 2 
4.94375 16.2437 7.76875 2 
4.94375 13.4187 10.5938 2 
2.11875 16.2437 10.5938 2 
0.70625 12.0063 12.0063 1 
3.53125 14.8313 12.0063 1 
3.53125 12.0063 14.8313 1 
0.70625 14.8313 14.8313 1 
2.11875 13.4187 13.4187 2 
4.94375 16.2437 13.4187 2 
4.94375 13.4187 16.2437 2 
2.11875 16.2437 16.2437 2 
6.35625 0.70625 0.70625 1 
9.18125 3.53125 0.70625 1 
9.18125 0.70625 3.53125 1 
6.35625 3.53125 3.53125 1 
7.76875 2.11875 2.11875 2 
10.5938 4.94375 2.11875 2 
10.5938 2.11875 4.94375 2 
7.76875 4.94375 4.94375 2 
6.35625 0.70625 6.35625 1 
9.18125 3.53125 6.35625 1 
9.18125 0.70625 9.18125 1 
6.35625 3.53125 9.18125 1 
7.76875 2.11875 7.76875 2 
10.5938 4.94375 7.76875 2 
10.5938 2.11875 10.5938 2 
7.76875 4.94375 10.5938 2 
6.35625 0.70625 12.0063 1 
9.18125 3.53125 12.0063 1 
9.18125 0.70625 14.8313 1 
6.35625 3.53125 14.8313 1 
7.76875 2.11875 13.4187 2 
10.5938 4.94375 13.4187 2 
10.5938 2.11875 16.2437 2 
7.76875 4.94375 16.2437 2 
6.35625 6.35625 0.70625 1 
9.18125 9.18125 0.70625 1 
9.18125 6.35625 3.53125 1 
6.35625 9.18125 3.53125 1 
7.76875 7.76875 2.11875 2 
10.5938 10.5938 2.11875 2 
10.5938 7.76875 4.94375 2 
7.76875 10.5938 4.94375 2 
6.35625 6.35625 6.35625 1 
9.18125 9.18125 6.35625 1 
9.18125 6.35625 9.18125 1 
6.35625 9.18125 9.18125 1 
7.76875 7.76875 7.76875 2 
10.5938 10.5938 7.76875 2 
10.5938 7.76875 10.5938 2 
7.76875 10.5938 10.5938 2 
6.35625 6.35625 12.0063 1 
9.18125 9.18125 12.0063 1 
9.18125 6.35625 14.8313 1 
6.35625 9.18125 14.8313 1 
7.76875 7.76875 13.4187 2 
10.5938 10.5938 13.4187 2 
10.5938 7.76875 16.2437 2 
7.76875 10.5938 16.2437 2 
6.35625 12.0063 0.70625 1 
9.18125 14.8313 0.70625 1 
9.18125 12.0063 3.53125 1 
6.35625 14.8313 3.53125 1 
7.76875 13.4187 2.11875 2 
10.5938 16.2437 2.11875 2 
10.5938 13.4187 4.94375 2 
7.76875 16.2437 4.94375 2 
6.35625 12.0063 6.35625 1 
9.18125 14.8313 6.35625 1 
9.18125 12.0063 9.18125 1 
6.35625 14.8313 9.18125 1 
7.76875 13.4187 7.76875 2 
10.5938 16.2437 7.76875 2 
10.5938 13.4187 10.5938 2 
7.76875 16.2437 10.5938 2 
6.35625 12.0063 12.0063 1 
9.18125 14.8313 12.0063 1 
9.18125 12.0063 14.8313 1 
6.35625 14.8313 14.8313 1 
7.76875 13.4187 13.4187 2 
10.5938 16.2437 13.4187 2 
10.5938 13.4187 16.2437 2 
7.76875 16.2437 16.2437 2 
12.0063 0.70625 0.70625 1 
14.8313 3.53125 0.70625 1 
14.8313 0.70625 3.53125 1 
12.0063 3.53125 3.53125 1 
13.4187 2.11875 2.11875 2 
16.2437 4.94375 2.11875 2 
16.2437 2.11875 4.94375 2 
13.4187 4.94375 4.94375 2 
12.0063 0.70625 6.35625 1 
14.8313 3.53125 6.35625 1 
14.8313 0.70625 9.18125 1 
12.0063 3.53125 9.18125 1 
13.4187 2.11875 7.76875 2 
16.2437 4.94375 7.76875 2 
16.2437 2.11875 10.5938 2 
13.4187 4.94375 10.5938 2 
12.0063 0.70625 12.0063 1 
14.8313 3.53125 12.0063 1 
14.8313 0.70625 14.8313 1 
12.0063 3.53125 14.8313 1 
13.4187 2.11875 13.4187 2 
16.2437 4.94375 13.4187 2 
16.2437 2.11875 16.2437 2 
13.4187 4.94375 16.2437 2 
12.0063 6.35625 0.70625 1 
14.8313 9.18125 0.70625 1 
14.8313 6.35625 3.53125 1 
12.0063 9.18125 3.53125 1 
13.4187 7.76875 2.11875 2 
16.2437 10.5938 2.11875 2 
16.2437 7.76875 4.94375 2 
13.4187 10.5938 4.94375 2 
12.0063 6.35625 6.35625 1 
14.8313 9.18125 6.35625 1 
14.8313 6.35625 9.18125 1 
12.0063 9.18125 9.18125 1 
13.4187 7.76875 7.76875 2 
16.2437 10.5938 7.76875 2 
16.2437 7.76875 10.5938 2 
13.4187 10.5938 10.5938 2 
12.0063 6.35625 12.0063 1 
14.8313 9.18125 12.0063 1 
14.8313 6.35625 14.8313 1 
12.0063 9.18125 14.8313 1 
13.4187 7.76875 13.4187 2 
16.2437 10.5938 13.4187 2 
16.2437 7.76875 16.2437 2 
13.4187 10.5938 16.2437 2 
12.0063 12.0063 0.70625 1 
14.8313 14.8313 0.70625 1 
14.8313 12.0063 3.53125 1 
12.0063 14.8313 3.53125 1 
13.4187 13.4187 2.11875 2 
16.2437 16.2437 2.11875 2 
16.2437 13.4187 4.94375 2 
13.4187 16.2437 4.94375 2 
12.0063 12.0063 6.35625 1 
14.8313 14.8313 6.35625 1 
14.8313 12.0063 9.18125 1 
12.0063 14.8313 9.18125 1 
13.4187 13.4187 7.76875 2 
16.2437 16.2437 7.76875 2 
16.2437 13.4187 10.5938 2 
13.4187 16.2437 10.5938 2 
12.0063 12.0063 12.0063 1 
14.8313 14.8313 12.0063 1 
14.8313 12.0063 14.8313 1 
12.0063 14.8313 14.8313 1 
13.4187 13.4187 13.4187 2 
16.2437 16.2437 13.4187 2 
16.2437 13.4187 16.2437 2 
13.4187 16.2437 16.2437 2 
