0 0
23627.1 2.14537
47254.1 4.11652
70881.2 6.02699
94508.3 7.897
118135 9.73863
141762 11.5607
165389 13.3633
189017 15.15
212644 16.9242
236271 18.6842
259898 20.4371
283525 22.1794
307152 23.911
330779 25.6373
354406 27.353
378033 29.0651
401660 30.7736
425287 32.4662
448914 34.1535
472541 35.8408
496168 37.5263
519795 39.2082
543423 40.8884
567050 42.5455
590677 44.2133
614304 45.8633
637931 47.531
661558 49.1811
685185 50.8311
708812 52.4811
732439 54.1311
756066 55.7634
779693 57.3956
803320 59.0457
826947 60.6602
850574 62.2925
874202 63.907
897829 65.5393
921456 67.1538
945083 68.7861
968710 70.3828
992337 72.0151
1.01596e+06 73.6119
1.03959e+06 75.2264
1.06322e+06 76.8232
1.08685e+06 78.4378
1.11047e+06 80.0345
1.1341e+06 81.6313
1.15773e+06 83.2281
