   0.000e+00    0.000e+00
   1.350e-03    6.998e-01
   2.700e-03    1.343e+00
   4.050e-03    1.966e+00
   5.400e-03    2.576e+00
   6.750e-03    3.177e+00
   8.100e-03    3.771e+00
   9.450e-03    4.359e+00
   1.080e-02    4.942e+00
   1.215e-02    5.521e+00
   1.350e-02    6.095e+00
   1.485e-02    6.667e+00
   1.620e-02    7.235e+00
   1.755e-02    7.800e+00
   1.890e-02    8.363e+00
   2.025e-02    8.923e+00
   2.160e-02    9.481e+00
   2.295e-02    1.004e+01
   2.430e-02    1.059e+01
   2.565e-02    1.114e+01
   2.700e-02    1.169e+01
   2.835e-02    1.224e+01
   2.970e-02    1.279e+01
   3.105e-02    1.334e+01
   3.240e-02    1.388e+01
   3.375e-02    1.442e+01
   3.510e-02    1.496e+01
   3.645e-02    1.551e+01
   3.780e-02    1.604e+01
   3.915e-02    1.658e+01
   4.050e-02    1.712e+01
   4.185e-02    1.766e+01
   4.320e-02    1.819e+01
   4.455e-02    1.872e+01
   4.590e-02    1.926e+01
   4.725e-02    1.979e+01
   4.860e-02    2.032e+01
   4.995e-02    2.085e+01
   5.130e-02    2.138e+01
   5.265e-02    2.191e+01
   5.400e-02    2.244e+01
   5.535e-02    2.296e+01
   5.670e-02    2.349e+01
   5.805e-02    2.401e+01
   5.940e-02    2.454e+01
   6.075e-02    2.506e+01
   6.210e-02    2.559e+01
   6.345e-02    2.611e+01
   6.480e-02    2.663e+01
   6.615e-02    2.715e+01
