0 0
1897.6 0.3061
3795.64 0.5147
5692.37 0.6977
7591.29 0.8657
9488.02 1.023
11384.7 1.173
13283.7 1.317
15180.4 1.456
17079.3 1.59
18976 1.721
20872.8 1.849
22773.9 1.973
24677.2 2.095
26558.6 2.215
28461.9 2.333
30365.2 2.448
32268.4 2.562
34149.9 2.675
36053.2 2.785
37956.4 2.895
39859.7 3.002
41741.2 3.109
43644.4 3.214
45547.7 3.319
47451 3.422
49332.4 3.524
51235.7 3.625
53139 3.725
55020.4 3.825
56923.7 3.923
58827 4.021
60730.3 4.118
62611.7 4.214
64515 4.309
66418.3 4.404
68321.6 4.498
70203 4.592
72106.3 4.684
74009.6 4.776
75912.9 4.868
77794.3 4.959
79697.6 5.049
81600.9 5.139
83504.2 5.229
85385.6 5.318
87288.9 5.406
89192.2 5.494
91095.5 5.581
92976.9 5.668
