V 5.43 5.43 5.43 3 3 3
D 0 
0.67875 0.67875 0.67875 1 
3.39375 3.39375 0.67875 1 
3.39375 0.67875 3.39375 1 
0.67875 3.39375 3.39375 1 
2.03625 2.03625 2.03625 1 
4.75125 4.75125 2.03625 1 
4.75125 2.03625 4.75125 1 
2.03625 4.75125 4.75125 1 
0.67875 0.67875 6.10875 1 
3.39375 3.39375 6.10875 1 
3.39375 0.67875 8.82375 1 
0.67875 3.39375 8.82375 1 
2.03625 2.03625 7.46625 1 
4.75125 4.75125 7.46625 1 
4.75125 2.03625 10.1812 1 
2.03625 4.75125 10.1812 1 
0.67875 0.67875 11.5387 1 
3.39375 3.39375 11.5387 1 
3.39375 0.67875 14.2537 1 
0.67875 3.39375 14.2537 1 
2.03625 2.03625 12.8962 1 
4.75125 4.75125 12.8962 1 
4.75125 2.03625 15.6112 1 
2.03625 4.75125 15.6112 1 
0.67875 6.10875 0.67875 1 
3.39375 8.82375 0.67875 1 
3.39375 6.10875 3.39375 1 
0.67875 8.82375 3.39375 1 
2.03625 7.46625 2.03625 1 
4.75125 10.1812 2.03625 1 
4.75125 7.46625 4.75125 1 
2.03625 10.1812 4.75125 1 
0.67875 6.10875 6.10875 1 
3.39375 8.82375 6.10875 1 
3.39375 6.10875 8.82375 1 
0.67875 8.82375 8.82375 1 
2.03625 7.46625 7.46625 1 
4.75125 10.1812 7.46625 1 
4.75125 7.46625 10.1812 1 
2.03625 10.1812 10.1812 1 
0.67875 6.10875 11.5387 1 
3.39375 8.82375 11.5387 1 
3.39375 6.10875 14.2537 1 
0.67875 8.82375 14.2537 1 
2.03625 7.46625 12.8962 1 
4.75125 10.1812 12.8962 1 
4.75125 7.46625 15.6112 1 
2.03625 10.1812 15.6112 1 
0.67875 11.5387 0.67875 1 
3.39375 14.2537 0.67875 1 
3.39375 11.5387 3.39375 1 
0.67875 14.2537 3.39375 1 
2.03625 12.8962 2.03625 1 
4.75125 15.6112 2.03625 1 
4.75125 12.8962 4.75125 1 
2.03625 15.6112 4.75125 1 
0.67875 11.5387 6.10875 1 
3.39375 14.2537 6.10875 1 
3.39375 11.5387 8.82375 1 
0.67875 14.2537 8.82375 1 
2.03625 12.8962 7.46625 1 
4.75125 15.6112 7.46625 1 
4.75125 12.8962 10.1812 1 
2.03625 15.6112 10.1812 1 
0.67875 11.5387 11.5387 1 
3.39375 14.2537 11.5387 1 
3.39375 11.5387 14.2537 1 
0.67875 14.2537 14.2537 1 
2.03625 12.8962 12.8962 1 
4.75125 15.6112 12.8962 1 
4.75125 12.8962 15.6112 1 
2.03625 15.6112 15.6112 1 
6.10875 0.67875 0.67875 1 
8.82375 3.39375 0.67875 1 
8.82375 0.67875 3.39375 1 
6.10875 3.39375 3.39375 1 
7.46625 2.03625 2.03625 1 
10.1812 4.75125 2.03625 1 
10.1812 2.03625 4.75125 1 
7.46625 4.75125 4.75125 1 
6.10875 0.67875 6.10875 1 
8.82375 3.39375 6.10875 1 
8.82375 0.67875 8.82375 1 
6.10875 3.39375 8.82375 1 
7.46625 2.03625 7.46625 1 
10.1812 4.75125 7.46625 1 
10.1812 2.03625 10.1812 1 
7.46625 4.75125 10.1812 1 
6.10875 0.67875 11.5387 1 
8.82375 3.39375 11.5387 1 
8.82375 0.67875 14.2537 1 
6.10875 3.39375 14.2537 1 
7.46625 2.03625 12.8962 1 
10.1812 4.75125 12.8962 1 
10.1812 2.03625 15.6112 1 
7.46625 4.75125 15.6112 1 
6.10875 6.10875 0.67875 1 
8.82375 8.82375 0.67875 1 
8.82375 6.10875 3.39375 1 
6.10875 8.82375 3.39375 1 
7.46625 7.46625 2.03625 1 
10.1812 10.1812 2.03625 1 
10.1812 7.46625 4.75125 1 
7.46625 10.1812 4.75125 1 
6.10875 6.10875 6.10875 1 
8.82375 8.82375 6.10875 1 
8.82375 6.10875 8.82375 1 
6.10875 8.82375 8.82375 1 
7.46625 7.46625 7.46625 1 
10.1812 10.1812 7.46625 1 
10.1812 7.46625 10.1812 1 
7.46625 10.1812 10.1812 1 
6.10875 6.10875 11.5387 1 
8.82375 8.82375 11.5387 1 
8.82375 6.10875 14.2537 1 
6.10875 8.82375 14.2537 1 
7.46625 7.46625 12.8962 1 
10.1812 10.1812 12.8962 1 
10.1812 7.46625 15.6112 1 
7.46625 10.1812 15.6112 1 
6.10875 11.5387 0.67875 1 
8.82375 14.2537 0.67875 1 
8.82375 11.5387 3.39375 1 
6.10875 14.2537 3.39375 1 
7.46625 12.8962 2.03625 1 
10.1812 15.6112 2.03625 1 
10.1812 12.8962 4.75125 1 
7.46625 15.6112 4.75125 1 
6.10875 11.5387 6.10875 1 
8.82375 14.2537 6.10875 1 
8.82375 11.5387 8.82375 1 
6.10875 14.2537 8.82375 1 
7.46625 12.8962 7.46625 1 
10.1812 15.6112 7.46625 1 
10.1812 12.8962 10.1812 1 
7.46625 15.6112 10.1812 1 
6.10875 11.5387 11.5387 1 
8.82375 14.2537 11.5387 1 
8.82375 11.5387 14.2537 1 
6.10875 14.2537 14.2537 1 
7.46625 12.8962 12.8962 1 
10.1812 15.6112 12.8962 1 
10.1812 12.8962 15.6112 1 
7.46625 15.6112 15.6112 1 
11.5387 0.67875 0.67875 1 
14.2537 3.39375 0.67875 1 
14.2537 0.67875 3.39375 1 
11.5387 3.39375 3.39375 1 
12.8962 2.03625 2.03625 1 
15.6112 4.75125 2.03625 1 
15.6112 2.03625 4.75125 1 
12.8962 4.75125 4.75125 1 
11.5387 0.67875 6.10875 1 
14.2537 3.39375 6.10875 1 
14.2537 0.67875 8.82375 1 
11.5387 3.39375 8.82375 1 
12.8962 2.03625 7.46625 1 
15.6112 4.75125 7.46625 1 
15.6112 2.03625 10.1812 1 
12.8962 4.75125 10.1812 1 
11.5387 0.67875 11.5387 1 
14.2537 3.39375 11.5387 1 
14.2537 0.67875 14.2537 1 
11.5387 3.39375 14.2537 1 
12.8962 2.03625 12.8962 1 
15.6112 4.75125 12.8962 1 
15.6112 2.03625 15.6112 1 
12.8962 4.75125 15.6112 1 
11.5387 6.10875 0.67875 1 
14.2537 8.82375 0.67875 1 
14.2537 6.10875 3.39375 1 
11.5387 8.82375 3.39375 1 
12.8962 7.46625 2.03625 1 
15.6112 10.1812 2.03625 1 
15.6112 7.46625 4.75125 1 
12.8962 10.1812 4.75125 1 
11.5387 6.10875 6.10875 1 
14.2537 8.82375 6.10875 1 
14.2537 6.10875 8.82375 1 
11.5387 8.82375 8.82375 1 
12.8962 7.46625 7.46625 1 
15.6112 10.1812 7.46625 1 
15.6112 7.46625 10.1812 1 
12.8962 10.1812 10.1812 1 
11.5387 6.10875 11.5387 1 
14.2537 8.82375 11.5387 1 
14.2537 6.10875 14.2537 1 
11.5387 8.82375 14.2537 1 
12.8962 7.46625 12.8962 1 
15.6112 10.1812 12.8962 1 
15.6112 7.46625 15.6112 1 
12.8962 10.1812 15.6112 1 
11.5387 11.5387 0.67875 1 
14.2537 14.2537 0.67875 1 
14.2537 11.5387 3.39375 1 
11.5387 14.2537 3.39375 1 
12.8962 12.8962 2.03625 1 
15.6112 15.6112 2.03625 1 
15.6112 12.8962 4.75125 1 
12.8962 15.6112 4.75125 1 
11.5387 11.5387 6.10875 1 
14.2537 14.2537 6.10875 1 
14.2537 11.5387 8.82375 1 
11.5387 14.2537 8.82375 1 
12.8962 12.8962 7.46625 1 
15.6112 15.6112 7.46625 1 
15.6112 12.8962 10.1812 1 
12.8962 15.6112 10.1812 1 
11.5387 11.5387 11.5387 1 
14.2537 14.2537 11.5387 1 
14.2537 11.5387 14.2537 1 
11.5387 14.2537 14.2537 1 
12.8962 12.8962 12.8962 1 
15.6112 15.6112 12.8962 1 
15.6112 12.8962 15.6112 1 
12.8962 15.6112 15.6112 1 
