0 0
4244.12 0.5597
8486.05 0.9412
12730.2 1.276
16972.1 1.583
21216.2 1.871
25464.7 2.146
29708.8 2.408
33953 2.662
38197.1 2.908
42441.2 3.147
46685.3 3.38
50907.6 3.608
55151.7 3.832
59395.8 4.051
63639.9 4.266
67884.1 4.477
72128.2 4.685
76372.3 4.891
80616.4 5.093
84860.5 5.293
89104.7 5.49
93348.8 5.685
97592.9 5.878
101837 6.068
106081 6.257
110325 6.444
114569 6.629
118814 6.812
123058 6.994
127302 7.174
131546 7.353
135790 7.53
140034 7.706
144278 7.88
148522 8.053
152745 8.225
156989 8.396
161233 8.566
165477 8.734
169721 8.901
173965 9.068
178209 9.233
182453 9.398
186698 9.561
190942 9.724
195186 9.885
199430 10.05
203674 10.21
207918 10.36
