0 0
164077 8.6589
328154 17.32
492230 25.986
656307 34.658
820384 43.339
984460 52.03
1.14854e+06 60.733
1312614 69.447
1.47669e+06 78.175
1.64077e+06 86.913
1.80484e+06 95.662
1968921 104.42
2.133e+06 113.17
2.29707e+06 121.92
2.46115e+06 130.65
2625228 139.35
2.7893e+06 148
2.95338e+06 156.6
3.11746e+06 165.12
3281535 173.54
3.44561e+06 181.86
3.60969e+06 190.04
3.77377e+06 198.07
3937842 205.95
4.10192e+06 213.65
4.266e+06 221.18
4.43007e+06 228.53
4594149 235.69
4.75823e+06 242.68
4.9223e+06 249.5
5.08638e+06 256.15
5250456 262.65
5.41453e+06 269
5.57861e+06 275.22
5.74269e+06 281.31
5906763 287.29
6.07084e+06 293.15
6.23492e+06 298.89
6.39899e+06 304.52
6563070 310.02
6.72715e+06 315.4
6.89122e+06 320.64
7.0553e+06 325.74
7219377 330.69
7.38345e+06 335.48
7.54753e+06 340.11
7.71161e+06 344.57
7875684 348.85
8.03976e+06 352.98
8.20384e+06 356.94
8.36791e+06 360.75
8531991 364.41
8.69607e+06 367.94
8.86014e+06 371.34
9.02422e+06 374.62
9188298 377.81
9.35237e+06 380.9
9.51645e+06 383.9
9.68053e+06 386.83
9844605 389.68
1.00087e+07 392.46
1.01728e+07 395.19
1.03368e+07 397.84
10500912 400.43
1.0665e+07 402.92
1.08291e+07 405.32
1.09931e+07 407.64
11157219 409.87
1.13213e+07 412.02
1.14854e+07 414.08
1.16494e+07 416.06
11813526 417.96
1.19776e+07 419.79
1.21417e+07 421.55
1.23058e+07 423.24
12469833 424.85
1.26339e+07 426.36
1.2798e+07 427.77
1.29621e+07 429.07
13126140 430.27
1.32902e+07 431.36
1.34543e+07 432.34
1.36184e+07 433.22
13782447 433.99
1.39465e+07 434.67
1.41106e+07 435.25
1.42747e+07 435.75
14438754 436.17
1.46028e+07 436.5
1.47669e+07 436.77
1.4931e+07 436.98
15095061 437.14
1.52591e+07 437.25
1.54232e+07 437.32
1.55873e+07 437.37
15751368 437.39
1.59154e+07 437.4
1.60795e+07 437.4
1.62436e+07 437.39
16407675 437.38
