0.0010 6173963.76 -3117190000.00
0.0020 3056769.56 -2077287735.00
0.0030 2019388.29 -778793000.00
0.0040 1499184.02 -416313890.00
0.0050 1186760.51 -260091000.00
0.0060 979001.43 -177812000.00
0.0070 831136.16 -129277020.00
0.0080 720447.39 -98307600.00
0.0090 634520.90 -77283100.00
0.0100 565881.15 -62324000.00
0.0110 509872.83 -51295005.00
0.0120 463291.14 -42974900.00
0.0130 423923.04 -36527100.00
0.0140 390236.93 -31416000.00
0.0150 361091.01 -27305300.00
0.0160 335626.43 -23947300.00
0.0170 313196.41 -21170945.00
0.0180 293284.54 -18851200.00
0.0190 275494.06 -16889500.00
0.0200 259505.48 -15582400.00
0.0400 110327.18 -4901680.00
0.0600 63438.37 -1718400.00
0.0800 41590.98 -853026.00
0.1000 29317.32 -500471.00
0.1200 21572.16 -323697.00
0.1400 16369.42 -219756.00
0.1600 12781.91 -153224.00
0.1800 10240.48 -110268.00
0.2000 8371.18 -83347.50
0.2200 6906.58 -65665.30
0.2400 5744.57 -52360.50
0.2600 4812.16 -41791.18
0.2800 4057.22 -34077.80
0.3000 3437.84 -28084.64
0.3200 2926.33 -23238.94
0.3400 2502.80 -19251.79
0.3600 2151.78 -15972.32
0.3800 1860.09 -13292.86
0.4000 1616.85 -11107.58
0.4200 1413.08 -9324.14
0.4400 1241.52 -7867.35
0.4600 1096.21 -6677.92
0.4800 972.53 -5704.32
0.5000 866.63 -4910.12
0.5200 775.02 -4270.62
0.5400 694.86 -3762.16
0.5600 623.79 -3358.84
0.5800 560.06 -3056.74
0.6000 501.49 -2792.05
0.6200 448.01 -2531.08
0.6400 400.01 -2271.82
0.6600 357.03 -2027.72
0.6800 318.80 -1802.04
0.7000 284.91 -1596.74
0.7200 254.91 -1412.06
0.7400 228.39 -1247.57
0.7600 204.96 -1101.99
0.7800 184.25 -973.78
0.8000 165.95 -861.18
0.8200 149.75 -762.50
0.8400 135.40 -676.10
0.8600 122.66 -600.54
0.8800 111.33 -534.44
0.9000 101.24 -476.63
0.9200 92.23 -426.05
0.9400 84.16 -381.78
0.9600 76.93 -342.98
0.9800 70.42 -308.95
1.0000 64.54 -279.06
1.1000 42.36 -174.92
1.2000 28.00 -116.56
1.3000 18.20 -80.74
1.4000 11.42 -56.39
1.5000 6.68 -39.22
1.6000 3.65 -27.56
1.7000 1.58 -19.20
1.8000 0.16 -13.10
1.9000 -0.80 -8.68
2.0000 -1.42 -5.53
2.1000 -1.80 -3.29
2.2000 -2.01 -1.73
2.3000 -2.11 -0.65
2.4000 -2.13 0.09
2.5000 -2.09 0.58
2.6000 -2.02 0.91
2.7000 -1.92 1.11
2.8000 -1.81 1.24
2.9000 -1.69 1.31
3.0000 -1.56 1.34
3.1000 -1.43 1.34
3.2000 -1.25 1.27
3.3000 -1.04 1.16
3.4000 -0.85 1.05
3.5000 -0.68 0.95
3.6000 -0.53 0.86
3.7000 -0.40 0.78
3.8000 -0.28 0.71
3.9000 -0.17 0.64
4.0000 -0.08 0.58
5.0000 0.54 0.14
6.0000 0.68 0.03
7.0000 0.71 0.01
8.0000 0.72 0.00
9.0000 0.73 0.00
