0.001000   6572019.98 -3319280000.000000
0.002000   3252739.98 -2212100000.000000
0.003000   2147829.98 -829565000.000000
0.004000   1593609.98 -443295000.000000
0.005000   1261239.98 -276785000.000000
0.006000   1040039.98 -189465000.000000
0.007000    882309.98 -137836000.000000
0.008000    764367.98 -104713000.000000
0.009000    672883.98 -82344000.000000
 0.01000    599679.98 -66464000.000000
 0.01100    539955.98 -54734500.000000
 0.01200    490210.98 -45837500.000000
 0.01300    448280.98 -38878500.000000
 0.01400    412453.98 -33384000.000000
 0.01500    381512.98 -28955000.000000
 0.01600    354543.98 -25356000.000000
 0.01700    330800.98 -22384000.000000
 0.01800    309775.98 -19894500.000000
 0.01900    291011.98 -17820500.000000
 0.02000    274134.98 -16448700.000000
 0.04000    116469.98 -5178190.000000
 0.06000     67007.18 -1814430.000000
 0.08000     43892.58  -904237.000000
  0.1000     30837.68  -530995.000000
  0.1200     22652.78  -340323.000000
  0.1400     17224.78  -228897.000000
  0.1600     13496.88  -159435.000000
  0.1800     10847.38  -116352.000000
  0.2000      8842.79   -89019.700000
  0.2200      7286.59   -69745.300000
  0.2400      6052.98   -55619.300000
  0.2600      5061.82   -44969.200000
  0.2800      4254.21   -36656.000000
  0.3000      3595.58   -29917.000000
  0.3200      3057.53   -24472.500000
  0.3400      2616.68   -20088.000000
  0.3600      2254.01   -16560.500000
  0.3800      1954.26   -13728.500000
  0.4000      1704.87   -11455.500000
  0.4200      1496.04    -9616.000000
  0.4400      1320.23    -8123.750000
  0.4600      1171.09    -6922.500000
  0.4800      1043.33    -5964.800000
  0.5000       932.50    -5213.450000
  0.5200       834.80    -4629.420000
  0.5400       747.33    -4162.870000
  0.5600       668.28    -3762.530000
  0.5800       596.82    -3392.530000
  0.6000       532.58    -3039.820000
  0.6200       475.23    -2710.420000
  0.6400       424.16    -2411.700000
  0.6600       378.76    -2134.520000
  0.6800       338.78    -1879.350000
  0.7000       303.59    -1654.530000
  0.7200       272.60    -1457.200000
  0.7400       245.30    -1284.770000
  0.7600       221.21    -1134.550000
  0.7800       199.92    -1003.700000
  0.8000       181.06     -889.850000
  0.8200       164.33     -790.825000
  0.8400       149.43     -704.650000
  0.8600       136.14     -629.575000
  0.8800       124.25     -564.150000
  0.9000       113.57     -507.050000
  0.9200       103.96     -457.168000
  0.9400        95.29     -413.475000
  0.9600        87.43     -375.190000
  0.9800        80.28     -341.532000
  1.0000        73.76     -313.750000
  1.1000        48.39     -213.044000
  1.2000        31.16     -146.469000
  1.3000        19.10     -102.503000
  1.4000        10.65      -71.219400
  1.5000         4.85      -48.412100
  1.6000         0.97      -31.863200
  1.7000        -1.52      -20.031400
  1.8000        -3.03      -11.717500
  1.9000        -3.86       -5.851950
  2.0000        -4.20       -2.123500
  2.1000        -4.29       -0.489150
  2.2000        -4.30        0.392600
  2.3000        -4.21        1.510350
  2.4000        -4.00        2.449150
  2.5000        -3.72        2.993800
  2.6000        -3.40        3.290150
  2.7000        -3.06        3.396400
  2.8000        -2.72        3.350400
  2.9000        -2.39        3.160000
  3.0000        -2.09        2.875300
  3.1000        -1.82        2.575600
  3.2000        -1.58        2.296100
  3.3000        -1.36        2.037850
  3.4000        -1.17        1.799240
  3.5000        -1.00        1.579650
  3.6000        -0.85        1.378350
  3.7000        -0.72        1.193800
  3.8000        -0.61        1.029170
  3.9000        -0.52        0.899515
  4.0000        -0.43        0.801801
  5.0000       -0.070        0.213347
  6.0000       -0.010       0.0359650
  7.0000      -0.0000      0.00297300
  8.0000      -0.0000     0.000656000
  9.0000         0.00     0.000209000
