   0.000e+00    0.000e+00
   9.123e-03    1.214e-02
   1.825e-02    2.266e-02
   2.737e-02    3.264e-02
   3.649e-02    4.228e-02
   4.562e-02    5.169e-02
   5.474e-02    6.090e-02
   6.386e-02    6.996e-02
   7.298e-02    7.890e-02
   8.211e-02    8.772e-02
   9.123e-02    9.645e-02
   1.004e-01    1.051e-01
   1.095e-01    1.136e-01
   1.186e-01    1.221e-01
   1.277e-01    1.306e-01
   1.368e-01    1.389e-01
   1.460e-01    1.472e-01
   1.551e-01    1.555e-01
   1.642e-01    1.637e-01
   1.733e-01    1.719e-01
   1.825e-01    1.800e-01
   1.916e-01    1.881e-01
   2.007e-01    1.961e-01
   2.098e-01    2.041e-01
   2.190e-01    2.121e-01
   2.281e-01    2.200e-01
   2.372e-01    2.279e-01
   2.463e-01    2.358e-01
   2.554e-01    2.436e-01
   2.646e-01    2.514e-01
   2.737e-01    2.592e-01
   2.828e-01    2.670e-01
   2.919e-01    2.747e-01
   3.011e-01    2.825e-01
   3.102e-01    2.902e-01
   3.193e-01    2.978e-01
   3.284e-01    3.055e-01
   3.376e-01    3.131e-01
   3.467e-01    3.207e-01
   3.558e-01    3.283e-01
   3.649e-01    3.359e-01
   3.740e-01    3.434e-01
   3.832e-01    3.509e-01
   3.923e-01    3.584e-01
   4.014e-01    3.659e-01
   4.105e-01    3.734e-01
   4.197e-01    3.809e-01
   4.288e-01    3.883e-01
   4.379e-01    3.957e-01
   4.470e-01    4.032e-01
