0.409333 0.354493 1.6745 1
0.409333 1.77247 1.6745 1
0.409333 0.354493 5.0235 1
1.63733 1.06348 5.0235 1
0.409333 0.354493 8.3725 1
0.409333 1.77247 8.3725 1
0.409333 0.354493 11.7215 1
1.63733 1.06348 11.7215 1
9.00533 2.48145 1.6745 1
9.00533 3.89942 1.6745 1
9.00533 2.48145 5.0235 1
0.409333 3.19044 5.0235 1
9.00533 2.48145 8.3725 1
9.00533 3.89942 8.3725 1
9.00533 2.48145 11.7215 1
0.409333 3.19044 11.7215 1
7.77733 4.60841 1.6745 1
7.77733 6.02638 1.6745 1
7.77733 4.60841 5.0235 1
9.00533 5.3174 5.0235 1
7.77733 4.60841 8.3725 1
7.77733 6.02638 8.3725 1
7.77733 4.60841 11.7215 1
9.00533 5.3174 11.7215 1
6.54933 6.73537 1.6745 1
6.54933 8.15334 1.6745 1
6.54933 6.73537 5.0235 1
7.77733 7.44435 5.0235 1
6.54933 6.73537 8.3725 1
6.54933 8.15334 8.3725 1
6.54933 6.73537 11.7215 1
7.77733 7.44435 11.7215 1
2.86533 0.354493 1.6745 1
2.86533 1.77247 1.6745 1
2.86533 0.354493 5.0235 1
4.09333 1.06348 5.0235 1
2.86533 0.354493 8.3725 1
2.86533 1.77247 8.3725 1
2.86533 0.354493 11.7215 1
4.09333 1.06348 11.7215 1
1.63733 2.48145 1.6745 1
1.63733 3.89942 1.6745 1
1.63733 2.48145 5.0235 1
2.86533 3.19044 5.0235 1
1.63733 2.48145 8.3725 1
1.63733 3.89942 8.3725 1
1.63733 2.48145 11.7215 1
2.86533 3.19044 11.7215 1
0.409333 4.60841 1.6745 1
0.409333 6.02638 1.6745 1
0.409333 4.60841 5.0235 1
1.63733 5.3174 5.0235 1
0.409333 4.60841 8.3725 1
0.409333 6.02638 8.3725 1
0.409333 4.60841 11.7215 1
1.63733 5.3174 11.7215 1
9.00533 6.73537 1.6745 1
9.00533 8.15334 1.6745 1
9.00533 6.73537 5.0235 1
0.409333 7.44435 5.0235 1
9.00533 6.73537 8.3725 1
9.00533 8.15334 8.3725 1
9.00533 6.73537 11.7215 1
0.409333 7.44435 11.7215 1
5.32133 0.354493 1.6745 1
5.32133 1.77247 1.6745 1
5.32133 0.354493 5.0235 1
6.54933 1.06348 5.0235 1
5.32133 0.354493 8.3725 1
5.32133 1.77247 8.3725 1
5.32133 0.354493 11.7215 1
6.54933 1.06348 11.7215 1
4.09333 2.48145 1.6745 1
4.09333 3.89942 1.6745 1
4.09333 2.48145 5.0235 1
5.32133 3.19044 5.0235 1
4.09333 2.48145 8.3725 1
4.09333 3.89942 8.3725 1
4.09333 2.48145 11.7215 1
5.32133 3.19044 11.7215 1
2.86533 4.60841 1.6745 1
2.86533 6.02638 1.6745 1
2.86533 4.60841 5.0235 1
4.09333 5.3174 5.0235 1
2.86533 4.60841 8.3725 1
2.86533 6.02638 8.3725 1
2.86533 4.60841 11.7215 1
4.09333 5.3174 11.7215 1
1.63733 6.73537 1.6745 1
1.63733 8.15334 1.6745 1
1.63733 6.73537 5.0235 1
2.86533 7.44435 5.0235 1
1.63733 6.73537 8.3725 1
1.63733 8.15334 8.3725 1
1.63733 6.73537 11.7215 1
2.86533 7.44435 11.7215 1
7.77733 0.354493 1.6745 1
7.77733 1.77247 1.6745 1
7.77733 0.354493 5.0235 1
9.00533 1.06348 5.0235 1
7.77733 0.354493 8.3725 1
7.77733 1.77247 8.3725 1
7.77733 0.354493 11.7215 1
9.00533 1.06348 11.7215 1
6.54933 2.48145 1.6745 1
6.54933 3.89942 1.6745 1
6.54933 2.48145 5.0235 1
7.77733 3.19044 5.0235 1
6.54933 2.48145 8.3725 1
6.54933 3.89942 8.3725 1
6.54933 2.48145 11.7215 1
7.77733 3.19044 11.7215 1
5.32133 4.60841 1.6745 1
5.32133 6.02638 1.6745 1
5.32133 4.60841 5.0235 1
6.54933 5.3174 5.0235 1
5.32133 4.60841 8.3725 1
5.32133 6.02638 8.3725 1
5.32133 4.60841 11.7215 1
6.54933 5.3174 11.7215 1
4.09333 6.73537 1.6745 1
4.09333 8.15334 1.6745 1
4.09333 6.73537 5.0235 1
5.32133 7.44435 5.0235 1
4.09333 6.73537 8.3725 1
4.09333 8.15334 8.3725 1
4.09333 6.73537 11.7215 1
5.32133 7.44435 11.7215 1
