0.0 0.0  
4010.53 0.666  
5671.74 0.77537  
6946.44 0.95299  
8021.06 1.0767  
8967.81 1.2178  
9823.75 1.304  
10610.9 1.3437  
11343.5 1.4526  
12031.6 1.5182  
12682.4 1.5793  
13301.4 1.6368  
13892.9 1.6911  
14460.2 1.7426  
15006 1.7917  
15532.7 1.8387  
16042.1 1.8837  
16535.8 1.927  
17015.2 1.9688  
17935.6 2.0481  
18811 2.1227  
19647.5 2.1931  
20449.8 2.2599  
21221.7 2.3236  
21966.6 2.3845  
23038.7 2.4712  
24063.2 2.5532  
25364.8 2.6561  
26903.4 2.7761  
28358.7 2.8879  
29742.9 2.993  
31065.4 3.0923  
32333.9 3.1865  
33554.5 3.2763  
35871.3 3.4446  
38047.2 3.6001  
40105.3 3.7452  
42062.8 3.8815  
43933.1 4.0102  
45727.1 4.1324  
47453.2 4.2489  
49118.7 4.3602  
50729.6 4.467  
52290.9 4.5697  
53806.9 4.6688  
56717.4 4.8569  
59485.7 5.0336  
62130.8 5.2006  
64667.8 5.3591  
67109 5.5101  
69464.4 5.6545  
72854.9 5.8603  
76094.4 6.0546  
80210.6 6.2986  
85076.2 6.5831  
89678.1 6.8484  
94055.2 7.0976  
98237.5 7.333  
102249 7.5564  
106109 7.7694  
113435 8.1683  
120316 8.5372  
126824 8.8812  
133014 9.2044  
138929 9.5097  
144602 9.7995  
150060 10.076  
155327 10.34  
160421 10.593  
165358 10.837  
170152 11.071  
179356 11.518  
188110 11.937  
196475 12.333  
204498 12.708  
212217 13.066  
219666 13.409  
230387 13.897  
240632 14.358  
253648 14.936  
269034 15.611  
283587 16.24  
297429 16.831  
310654 17.389  
323339 17.919  
335545 18.424  
358713 19.37  
380472 20.245  
401053 21.061  
420628 21.827  
439331 22.551  
457271 23.238  
474532 23.893  
491187 24.519  
507296 25.12  
522909 25.698  
538069 26.254  
567174 27.312  
594857 28.306  
621308 29.245  
646678 30.136  
671090 30.985  
694644 31.798  
728549 32.955  
760944 34.048  
802106 35.42  
850762 37.019  
896781 38.511  
940552 39.913  
982375 41.236  
1.02249e+06 42.493  
1.06109e+06 43.69  
1.13435e+06 45.934  
1.20316e+06 48.008  
1.26824e+06 49.943  
1.33014e+06 51.76  
1.38929e+06 53.477  
1.44602e+06 55.106  
1.5006e+06 56.659  
1.55327e+06 58.144  
1.60421e+06 59.416  
1.65358e+06 60.443  
1.70152e+06 61.42  
1.79356e+06 63.234  
1.8811e+06 64.878  
1.96475e+06 66.366  
2.04498e+06 68.565  
2.12217e+06 70.687  
2.19666e+06 72.738  
2.30387e+06 75.69  
2.40632e+06 78.502  
2.53648e+06 82.045  
2.69034e+06 86.163  
2.83587e+06 89.958  
2.97429e+06 93.447  
3.10654e+06 96.644  
3.23339e+06 100.75  
3.35545e+06 104.68  
3.58713e+06 112.02  
3.80472e+06 118.57  
4.01053e+06 124.4  
