0.0 0.0
13839.7     0.10127
19572.3     0.12154
23971.1     0.15567
27679.4     0.18022
30946.5     0.20893
33900.2     0.22679
36616.4     0.23511
39144.6     0.25814
41519.1     0.27219
43765       0.28541
45901.1     0.29791
47942.1     0.30981
49899.7     0.32117
51783.4     0.33206
53600.9     0.34254
55358.8     0.35263
57062.5     0.36238
58716.9     0.37182
61893       0.38988
64913.9     0.40696
67800.4     0.42321
70568.9     0.43874
73232.8     0.45361
75803.1     0.46792
79503       0.48842
83038.2     0.50793
87529.9     0.53259
92839.5     0.56158
97861.4     0.58885
102638      0.61465
107202      0.63919
111579      0.66264
115791      0.68511
123786      0.72754
131295      0.76714
138397      0.80439
145152      0.83964
151606      0.87317
157797      0.90519
163754      0.93589
169501      0.9654
175060      0.99385
180448      1.0213
185679      1.0479
195723      1.0988
205276      1.147
214404      1.1928
223158      1.2365
231582      1.2785
239711      1.3188
251411      1.3766
262590      1.4315
276794      1.501
293584      1.5827
309465      1.6596
324570      1.7323
339002      1.8015
352844      1.8676
366164      1.9309
391446      2.0505
415191      2.1621
437650      2.2671
459011      2.3664
479421      2.4609
498997      2.5512
517834      2.6377
536009      2.7209
553588      2.801
570625      2.8785
587169      2.9535
618930      3.0969
649139      3.2326
678004      3.3617
705689      3.485
732328      3.6032
758031      3.7168
795030      3.8797
830382      4.0346
875299      4.2305
928395      4.4608
978614      4.6774
1.02638e+06 4.8823
1.07202e+06 5.0773
1.11579e+06 5.2635
1.15791e+06 5.442
1.23786e+06 5.779
1.31295e+06 6.0936
1.38397e+06 6.3895
1.45152e+06 6.6695
1.51606e+06 6.9358
1.57797e+06 7.1902
1.63754e+06 7.434
1.69501e+06 7.6684
1.7506e+06  7.8944
1.80448e+06 8.1127
1.85679e+06 8.3241
1.95723e+06 8.7283
2.05276e+06 9.1108
2.14404e+06 9.4746
2.23158e+06 9.819
2.31582e+06 10.139
2.39711e+06 10.437
2.51411e+06 10.848
2.6259e+06  11.216
2.76794e+06 11.649
2.93584e+06 12.102
3.09465e+06 12.469
3.2457e+06  12.76
3.39002e+06 12.982
3.52844e+06 13.145
3.66164e+06 13.255
3.91446e+06 13.345
4.15191e+06 13.298
4.3765e+06  13.152
4.59011e+06 12.938
4.79421e+06 12.679
4.98997e+06 12.392
5.17834e+06 12.091
5.36009e+06 11.785
5.53588e+06 11.48
5.70625e+06 11.182
5.87169e+06 10.892
6.1893e+06  10.346
6.49139e+06 9.8494
6.78004e+06 9.401
7.05689e+06 8.9974
7.32328e+06 8.6339
7.58031e+06 8.3056
7.9503e+06  7.8696
8.30382e+06 7.4899
8.75299e+06 7.0533
9.28395e+06 6.5941
9.78614e+06 6.2074
