0.39375 0.39375 0.39375 1 
1.96875 1.96875 1.96875 1 
0.39375 0.39375 3.54375 1 
1.96875 1.96875 5.11875 1 
0.39375 0.39375 6.69375 1 
1.96875 1.96875 8.26875 1 
0.39375 3.54375 0.39375 1 
1.96875 5.11875 1.96875 1 
0.39375 3.54375 3.54375 1 
1.96875 5.11875 5.11875 1 
0.39375 3.54375 6.69375 1 
1.96875 5.11875 8.26875 1 
0.39375 6.69375 0.39375 1 
1.96875 8.26875 1.96875 1 
0.39375 6.69375 3.54375 1 
1.96875 8.26875 5.11875 1 
0.39375 6.69375 6.69375 1 
1.96875 8.26875 8.26875 1 
3.54375 0.39375 0.39375 1 
5.11875 1.96875 1.96875 1 
3.54375 0.39375 3.54375 1 
5.11875 1.96875 5.11875 1 
3.54375 0.39375 6.69375 1 
5.11875 1.96875 8.26875 1 
3.54375 3.54375 0.39375 1 
5.11875 5.11875 1.96875 1 
3.54375 3.54375 3.54375 1 
5.11875 5.11875 5.11875 1 
3.54375 3.54375 6.69375 1 
5.11875 5.11875 8.26875 1 
3.54375 6.69375 0.39375 1 
5.11875 8.26875 1.96875 1 
3.54375 6.69375 3.54375 1 
5.11875 8.26875 5.11875 1 
3.54375 6.69375 6.69375 1 
5.11875 8.26875 8.26875 1 
6.69375 0.39375 0.39375 1 
8.26875 1.96875 1.96875 1 
6.69375 0.39375 3.54375 1 
8.26875 1.96875 5.11875 1 
6.69375 0.39375 6.69375 1 
8.26875 1.96875 8.26875 1 
6.69375 3.54375 0.39375 1 
8.26875 5.11875 1.96875 1 
6.69375 3.54375 3.54375 1 
8.26875 5.11875 5.11875 1 
6.69375 3.54375 6.69375 1 
8.26875 5.11875 8.26875 1 
6.69375 6.69375 0.39375 1 
8.26875 8.26875 1.96875 1 
6.69375 6.69375 3.54375 1 
8.26875 8.26875 5.11875 1 
6.69375 6.69375 6.69375 1 
8.26875 8.26875 8.26875 1 
