0 0
37171.1 0.2972
74342.1 0.5944
111513 0.8917
148684 1.1889
185855 1.4861
223026 1.7833
260197 2.0806
297369 2.3778
334540 2.675
371711 2.9722
408882 3.2695
446053 3.6121
483224 4.1134
520395 4.6271
557566 5.1548
594737 5.6967
631908 6.2522
669079 6.8201
706250 7.3992
743421 7.9881
780592 8.5856
817763 9.1903
854934 9.8011
892106 10.4169
929277 11.0367
966448 11.6598
1.00362e+06 12.2853
1.04079e+06 12.9127
1.07796e+06 13.5413
1.11513e+06 14.1707
1.1523e+06 14.8006
1.18947e+06 15.4305
1.22665e+06 16.0601
1.26382e+06 16.6894
1.30099e+06 17.318
1.33816e+06 17.9459
1.37533e+06 18.573
1.4125e+06 19.4547
1.44967e+06 20.3817
1.48684e+06 21.274
1.52401e+06 22.1298
1.56118e+06 22.9493
1.59836e+06 23.7344
1.63553e+06 24.4883
1.6727e+06 25.2155
1.70987e+06 25.9212
1.74704e+06 26.611
1.78421e+06 27.2904
1.82138e+06 27.9644
