0.001 1.19711e+06 -604728000
0.002 592382 -4.03124e+08
0.003 390862 -1.51127e+08
0.004 290128 -8.05575e+07
0.005 229747 -5.028e+07
0.006 189568 -34419500
0.007 160908 -2.5058e+07
0.008 139452 -1.9052e+07
0.009 122804 -14970500
0.01 109511 -1.20741e+07
0.011 98655.7 -9.9387e+06
0.012 89633.6 -8.3181e+06
0.013 82019.5 -7.0621e+06
0.014 75509.4 -6.0697e+06
0.015 69880.1 -5.27265e+06
0.016 64964.1 -4622450
0.017 60635.2 -4.08495e+06
0.018 56794.2 -3634950
0.019 53365.3 -3.25385e+06
0.02 50286.5 -3.00065e+06
0.04 21532.7 -945075
0.06 12483.5 -331896
0.08 8256.87 -165508
0.1 5863.19  -97626
0.12 4351.83 -75568
0.14 3333.93 -42227.3
0.16 2620.31 -30120
0.18 2103.84 -22070.4
0.2 1720.92  -16534.9
0.22 1431.11 -12642.1
0.24 1207.38 -9871.36
0.26 1030.89 -7880.37
0.28 888.468 -6433.14
0.3 771.004  -5362.08
0.32 672.247 -4546.4
0.34 587.988 -3901.22
0.36 515.43  -3370.76
0.38 452.639 -2920.86
0.4 398.195  -2532.29
0.42 350.987 -2194.51
0.44 310.08  -1901.09
0.46 274.647 -1647.62
0.48 243.911 -1430.34
0.5 217.188  -1245.04
0.52 193.885 -1087.34
0.54 173.492  -952.97
0.56 155.592 -837.938
0.58 139.835 -738.859
0.6 125.921 -653.189
0.62 113.604 -578.875
0.64 102.673 -514.312
0.66 92.9525 -458.039
0.68 84.287 -408.87
0.7 76.547 -365.753
0.72 69.616 -327.926
0.74 63.397 -294.665
0.76 57.8039 -265.391
0.78 52.7632 -239.539
0.8 48.21 -216.642
0.82 44.0896 -196.284
0.84 40.3569 -178.139
0.86 36.9929 -161.964
0.88 33.9366 -147.461
0.9 31.1555 -134.419
0.92 28.6222 -122.645
0.94 26.3124 -111.983
0.96 24.2049 -102.313
0.98 22.2807 -93.4863
1 20.5233 -85.4621
1.1 13.7755 -54.5216
1.2 9.51252 -34.3049
1.3 6.86802 -21.0986
1.4 5.27786 -12.4973
1.5 4.36217 -7.06349
1.6 3.8715 -3.63863
1.7 3.63948 -1.59668
1.8 3.55965 -0.415639
1.9 3.64988 0.0583118
2 3.77694   0.163109
2.1 3.87965 0.144905
2.2 3.9563  0.0979063
2.3 4.00782 0.0278704
2.4 4.03912 -0.0273047
2.5 4.05614 -0.0329097
2.6 4.06332 -0.0677733
2.7 4.06459 -0.0738411
2.8 4.06272 -0.0708586
2.9 4.05952 -0.0608829
3 4.056 -0.0511128
3.1 4.05273 -0.0382575
3.2 4.04997 -0.0305957
3.3 4.04781 -0.0204657
3.4 4.04629 -0.0127525
3.5 4.04527 -0.00797031
3.6 4.04472 -0.00329097
3.7 4.04455 -0.000719899
3.8 4.04465 0.00221112
3.9 4.04496 0.00390802
4 4.04542 0.0060163
5 4.05074 0.00375376
6 4.0528 0.000925584
7 4.05324 0.000154264
8 4.05332 5.14214e-05
9 4.05334 -5.14214e-05
