0.001 6.57202e+06 -3.31928e+09
0.002 3.25274e+06 -2.2121e+09
0.003 2.14783e+06 -8.29565e+08
0.004 1.59361e+06 -443295000
0.005 1.26124e+06 -2.76785e+08
0.006 1.04004e+06 -1.89465e+08
0.007 882310 -1.37836e+08
0.008 764368 -1.04713e+08
0.009 672884 -8.2344e+07
0.01 599680 -6.6464e+07
0.011 539956 -5.47345e+07
0.012 490211 -45837500
0.013 448281 -3.88785e+07
0.014 412454 -3.3384e+07
0.015 381513 -2.8955e+07
0.016 354544 -2.5356e+07
0.017 330801 -2.2384e+07
0.018 309776 -19894500
0.019 291012 -17820500
0.02 274135 -1.64487e+07
0.04 116470 -5.17819e+06
0.06 67007.2 -1.81443e+06
0.08 43892.6 -904237
0.1 30837.7 -530995
0.12 22652.8 -340323
0.14 17224.8 -228897
0.16 13496.9 -159435
0.18 10847.4 -116352
0.2 8842.81 -89019.7
0.22 7286.61 -69745.2
0.24 6053 -61680.5
0.26 5061.84 -44613.5
0.28 4254.23 -36407.1
0.3 3595.6 -29707.7
0.32 3057.55 -24301.2
0.34 2616.7 -19949.3
0.36 2254.03 -16447.7
0.38 1954.28 -13627
0.4 1704.89 -11388.5
0.42 1496.06 -9553.63
0.44 1320.25 -8071.44
0.46 1171.11 -6878.13
0.48 1043.35 -5926.97
0.5 932.518 -5182.73
0.52 834.812 -4608.54
0.54 747.341 -4152.87
0.56 668.297 -3759.08
0.58 596.84 -3390.55
0.6 532.596 -3036.74
0.62 475.247 -2701.44
0.64 424.179 -2409.05
0.66 378.779 -2127.51
0.68 338.798 -1873.24
0.7 303.605 -1648.86
0.72 272.617 -1452.15
0.74 245.317 -1280.31
0.76 221.226 -1130.58
0.78 199.935 -1000.25
0.8 181.078 -886.88
0.82 164.341 -788.247
0.84 149.445 -702.421
0.86 136.155 -627.664
0.88 124.262 -562.512
0.9 113.589 -505.658
0.92 103.98 -455.956
0.94 95.3023 -412.451
0.96 87.441 -374.29
0.98 80.2947 -340.744
1 73.7797 -311.171
1.1 48.4044 -206.158
1.2 31.1708 -143.114
1.3 19.1106 -100.52
1.4 10.6701 -69.8159
1.5 4.86673 -47.3458
1.6 0.987675 -31.0617
1.7 -1.50592 -19.447
1.8 -3.01861 -11.2946
1.9 -3.84943 -5.678
2 -4.189 -2.23251
2.1 -4.27413 -0.632483
2.2 -4.28683 0.503929
2.3 -4.19561 1.63021
2.4 -3.98476 2.50077
2.5 -3.70578 3.03355
2.6 -3.386 3.31627
2.7 -3.04775 3.42405
2.8 -2.70672 3.37442
2.9 -2.37767 3.19676
3 -2.07472 2.90037
3.1 -1.80261 2.59179
3.2 -1.5596 2.29869
3.3 -1.34339 2.04102
3.4 -1.15203 1.80391
3.5 -0.983542 1.58604
3.6 -0.836099 1.38251
3.7 -0.707872 1.19616
3.8 -0.597339 1.02776
3.9 -0.502038 0.873495
4 -0.417436 0.734965
5 -0.0578288 0.127731
6 0.00925718 0.00894732
7 0.0141007 0.00195401
8 0.0152028 0.00035995
9 0.0154123 0
