V 5.545 5.545 5.545 3 3 3
D 0 
0.693125 0.693125 0.693125 1 
3.46563 3.46563 0.693125 1 
3.46563 0.693125 3.46563 1 
0.693125 3.46563 3.46563 1 
2.07938 2.07938 2.07938 1 
4.85187 4.85187 2.07938 1 
4.85187 2.07938 4.85187 1 
2.07938 4.85187 4.85187 1 
0.693125 0.693125 6.23812 1 
3.46563 3.46563 6.23812 1 
3.46563 0.693125 9.01062 1 
0.693125 3.46563 9.01062 1 
2.07938 2.07938 7.62437 1 
4.85187 4.85187 7.62437 1 
4.85187 2.07938 10.3969 1 
2.07938 4.85187 10.3969 1 
0.693125 0.693125 11.7831 1 
3.46563 3.46563 11.7831 1 
3.46563 0.693125 14.5556 1 
0.693125 3.46563 14.5556 1 
2.07938 2.07938 13.1694 1 
4.85187 4.85187 13.1694 1 
4.85187 2.07938 15.9419 1 
2.07938 4.85187 15.9419 1 
0.693125 6.23812 0.693125 1 
3.46563 9.01062 0.693125 1 
3.46563 6.23812 3.46563 1 
0.693125 9.01062 3.46563 1 
2.07938 7.62437 2.07938 1 
4.85187 10.3969 2.07938 1 
4.85187 7.62437 4.85187 1 
2.07938 10.3969 4.85187 1 
0.693125 6.23812 6.23812 1 
3.46563 9.01062 6.23812 1 
3.46563 6.23812 9.01062 1 
0.693125 9.01062 9.01062 1 
2.07938 7.62437 7.62437 1 
4.85187 10.3969 7.62437 1 
4.85187 7.62437 10.3969 1 
2.07938 10.3969 10.3969 1 
0.693125 6.23812 11.7831 1 
3.46563 9.01062 11.7831 1 
3.46563 6.23812 14.5556 1 
0.693125 9.01062 14.5556 1 
2.07938 7.62437 13.1694 1 
4.85187 10.3969 13.1694 1 
4.85187 7.62437 15.9419 1 
2.07938 10.3969 15.9419 1 
0.693125 11.7831 0.693125 1 
3.46563 14.5556 0.693125 1 
3.46563 11.7831 3.46563 1 
0.693125 14.5556 3.46563 1 
2.07938 13.1694 2.07938 1 
4.85187 15.9419 2.07938 1 
4.85187 13.1694 4.85187 1 
2.07938 15.9419 4.85187 1 
0.693125 11.7831 6.23812 1 
3.46563 14.5556 6.23812 1 
3.46563 11.7831 9.01062 1 
0.693125 14.5556 9.01062 1 
2.07938 13.1694 7.62437 1 
4.85187 15.9419 7.62437 1 
4.85187 13.1694 10.3969 1 
2.07938 15.9419 10.3969 1 
0.693125 11.7831 11.7831 1 
3.46563 14.5556 11.7831 1 
3.46563 11.7831 14.5556 1 
0.693125 14.5556 14.5556 1 
2.07938 13.1694 13.1694 1 
4.85187 15.9419 13.1694 1 
4.85187 13.1694 15.9419 1 
2.07938 15.9419 15.9419 1 
6.23812 0.693125 0.693125 1 
9.01062 3.46563 0.693125 1 
9.01062 0.693125 3.46563 1 
6.23812 3.46563 3.46563 1 
7.62437 2.07938 2.07938 1 
10.3969 4.85187 2.07938 1 
10.3969 2.07938 4.85187 1 
7.62437 4.85187 4.85187 1 
6.23812 0.693125 6.23812 1 
9.01062 3.46563 6.23812 1 
9.01062 0.693125 9.01062 1 
6.23812 3.46563 9.01062 1 
7.62437 2.07938 7.62437 1 
10.3969 4.85187 7.62437 1 
10.3969 2.07938 10.3969 1 
7.62437 4.85187 10.3969 1 
6.23812 0.693125 11.7831 1 
9.01062 3.46563 11.7831 1 
9.01062 0.693125 14.5556 1 
6.23812 3.46563 14.5556 1 
7.62437 2.07938 13.1694 1 
10.3969 4.85187 13.1694 1 
10.3969 2.07938 15.9419 1 
7.62437 4.85187 15.9419 1 
6.23812 6.23812 0.693125 1 
9.01062 9.01062 0.693125 1 
9.01062 6.23812 3.46563 1 
6.23812 9.01062 3.46563 1 
7.62437 7.62437 2.07938 1 
10.3969 10.3969 2.07938 1 
10.3969 7.62437 4.85187 1 
7.62437 10.3969 4.85187 1 
6.23812 6.23812 6.23812 1 
9.01062 9.01062 6.23812 1 
9.01062 6.23812 9.01062 1 
6.23812 9.01062 9.01062 1 
7.62437 7.62437 7.62437 1 
10.3969 10.3969 7.62437 1 
10.3969 7.62437 10.3969 1 
7.62437 10.3969 10.3969 1 
6.23812 6.23812 11.7831 1 
9.01062 9.01062 11.7831 1 
9.01062 6.23812 14.5556 1 
6.23812 9.01062 14.5556 1 
7.62437 7.62437 13.1694 1 
10.3969 10.3969 13.1694 1 
10.3969 7.62437 15.9419 1 
7.62437 10.3969 15.9419 1 
6.23812 11.7831 0.693125 1 
9.01062 14.5556 0.693125 1 
9.01062 11.7831 3.46563 1 
6.23812 14.5556 3.46563 1 
7.62437 13.1694 2.07938 1 
10.3969 15.9419 2.07938 1 
10.3969 13.1694 4.85187 1 
7.62437 15.9419 4.85187 1 
6.23812 11.7831 6.23812 1 
9.01062 14.5556 6.23812 1 
9.01062 11.7831 9.01062 1 
6.23812 14.5556 9.01062 1 
7.62437 13.1694 7.62437 1 
10.3969 15.9419 7.62437 1 
10.3969 13.1694 10.3969 1 
7.62437 15.9419 10.3969 1 
6.23812 11.7831 11.7831 1 
9.01062 14.5556 11.7831 1 
9.01062 11.7831 14.5556 1 
6.23812 14.5556 14.5556 1 
7.62437 13.1694 13.1694 1 
10.3969 15.9419 13.1694 1 
10.3969 13.1694 15.9419 1 
7.62437 15.9419 15.9419 1 
11.7831 0.693125 0.693125 1 
14.5556 3.46563 0.693125 1 
14.5556 0.693125 3.46563 1 
11.7831 3.46563 3.46563 1 
13.1694 2.07938 2.07938 1 
15.9419 4.85187 2.07938 1 
15.9419 2.07938 4.85187 1 
13.1694 4.85187 4.85187 1 
11.7831 0.693125 6.23812 1 
14.5556 3.46563 6.23812 1 
14.5556 0.693125 9.01062 1 
11.7831 3.46563 9.01062 1 
13.1694 2.07938 7.62437 1 
15.9419 4.85187 7.62437 1 
15.9419 2.07938 10.3969 1 
13.1694 4.85187 10.3969 1 
11.7831 0.693125 11.7831 1 
14.5556 3.46563 11.7831 1 
14.5556 0.693125 14.5556 1 
11.7831 3.46563 14.5556 1 
13.1694 2.07938 13.1694 1 
15.9419 4.85187 13.1694 1 
15.9419 2.07938 15.9419 1 
13.1694 4.85187 15.9419 1 
11.7831 6.23812 0.693125 1 
14.5556 9.01062 0.693125 1 
14.5556 6.23812 3.46563 1 
11.7831 9.01062 3.46563 1 
13.1694 7.62437 2.07938 1 
15.9419 10.3969 2.07938 1 
15.9419 7.62437 4.85187 1 
13.1694 10.3969 4.85187 1 
11.7831 6.23812 6.23812 1 
14.5556 9.01062 6.23812 1 
14.5556 6.23812 9.01062 1 
11.7831 9.01062 9.01062 1 
13.1694 7.62437 7.62437 1 
15.9419 10.3969 7.62437 1 
15.9419 7.62437 10.3969 1 
13.1694 10.3969 10.3969 1 
11.7831 6.23812 11.7831 1 
14.5556 9.01062 11.7831 1 
14.5556 6.23812 14.5556 1 
11.7831 9.01062 14.5556 1 
13.1694 7.62437 13.1694 1 
15.9419 10.3969 13.1694 1 
15.9419 7.62437 15.9419 1 
13.1694 10.3969 15.9419 1 
11.7831 11.7831 0.693125 1 
14.5556 14.5556 0.693125 1 
14.5556 11.7831 3.46563 1 
11.7831 14.5556 3.46563 1 
13.1694 13.1694 2.07938 1 
15.9419 15.9419 2.07938 1 
15.9419 13.1694 4.85187 1 
13.1694 15.9419 4.85187 1 
11.7831 11.7831 6.23812 1 
14.5556 14.5556 6.23812 1 
14.5556 11.7831 9.01062 1 
11.7831 14.5556 9.01062 1 
13.1694 13.1694 7.62437 1 
15.9419 15.9419 7.62437 1 
15.9419 13.1694 10.3969 1 
13.1694 15.9419 10.3969 1 
11.7831 11.7831 11.7831 1 
14.5556 14.5556 11.7831 1 
14.5556 11.7831 14.5556 1 
11.7831 14.5556 14.5556 1 
13.1694 13.1694 13.1694 1 
15.9419 15.9419 13.1694 1 
15.9419 13.1694 15.9419 1 
13.1694 15.9419 15.9419 1 
