0 0
164077 6.541
328155 13.091
492232 19.66
656310 26.257
820387 32.889
984465 39.566
1.14854e+06 46.292
1312620 53.074
1.4767e+06 59.916
1640775 66.82
1.80485e+06 73.786
1968930 80.813
2.13301e+06 87.896
2297085 95.031
2.46116e+06 102.21
2625240 109.42
2.78932e+06 116.65
2953395 123.89
3.11747e+06 131.11
3281550 138.32
3.44563e+06 145.48
3609705 152.58
3.77378e+06 159.61
3937860 166.54
4.10194e+06 173.35
4266015 180.03
4.43009e+06 186.56
4594170 192.93
4.75825e+06 199.1
4922325 205.08
5.0864e+06 210.85
5250480 216.39
5.41456e+06 221.7
5578635 226.76
5.74271e+06 231.58
5906790 236.14
6.07087e+06 240.46
6234945 244.52
6.39902e+06 248.37
6563100 252.02
6.72718e+06 255.46
6891255 258.71
7.05533e+06 261.77
7219410 264.66
7.38349e+06 267.37
7547565 269.93
7.71164e+06 272.34
7875720 274.62
8.0398e+06 276.76
8203875 278.79
8.36795e+06 280.7
8532030 282.52
8.69611e+06 284.25
8860185 285.89
9.02426e+06 287.46
9188340 288.97
9.35242e+06 290.41
9516495 291.79
9.68057e+06 293.06
9844650 294.21
1.00087e+07 295.25
10172805 296.18
1.03369e+07 297.01
10500960 297.73
1.0665e+07 298.37
10829115 298.91
1.09932e+07 299.35
11157270 299.72
1.13213e+07 300
11485425 300.2
1.16495e+07 300.32
11813580 300.36
1.19777e+07 300.34
12141735 300.25
1.23058e+07 300.09
12469890 299.87
1.2634e+07 299.59
12798045 299.24
1.29621e+07 298.88
13126200 298.5
1.32903e+07 298.1
13454355 297.69
1.36184e+07 297.27
13782510 296.84
1.39466e+07 296.41
14110665 295.97
1.42747e+07 295.54
14438820 295.11
1.46029e+07 294.68
14766975 294.27
1.49311e+07 293.86
15095130 293.46
1.52592e+07 293.08
15423285 292.72
1.55874e+07 292.38
15751440 292.05
1.59155e+07 291.75
16079595 291.47
1.62437e+07 291.21
16407750 290.98
