   0.000e+00    0.000e+00
   1.000e+05    2.181e+01
   2.000e+05    4.185e+01
   3.000e+05    6.127e+01
   4.000e+05    8.029e+01
   5.000e+05    9.903e+01
   6.000e+05    1.175e+02
   7.000e+05    1.359e+02
   8.000e+05    1.540e+02
   9.000e+05    1.721e+02
   1.000e+06    1.900e+02
   1.100e+06    2.078e+02
   1.200e+06    2.255e+02
   1.300e+06    2.431e+02
   1.400e+06    2.607e+02
   1.500e+06    2.781e+02
   1.600e+06    2.955e+02
   1.700e+06    3.129e+02
   1.800e+06    3.301e+02
   1.900e+06    3.474e+02
   2.000e+06    3.645e+02
   2.100e+06    3.816e+02
   2.200e+06    3.987e+02
   2.300e+06    4.157e+02
   2.400e+06    4.327e+02
   2.500e+06    4.496e+02
   2.600e+06    4.665e+02
   2.700e+06    4.833e+02
   2.800e+06    5.001e+02
   2.900e+06    5.169e+02
   3.000e+06    5.336e+02
   3.100e+06    5.503e+02
   3.200e+06    5.670e+02
   3.300e+06    5.836e+02
   3.400e+06    6.002e+02
   3.500e+06    6.168e+02
   3.600e+06    6.334e+02
   3.700e+06    6.499e+02
   3.800e+06    6.664e+02
   3.900e+06    6.829e+02
   4.000e+06    6.993e+02
   4.100e+06    7.157e+02
   4.200e+06    7.321e+02
   4.300e+06    7.485e+02
   4.400e+06    7.649e+02
   4.500e+06    7.812e+02
   4.600e+06    7.975e+02
   4.700e+06    8.138e+02
   4.800e+06    8.540e+02
   4.900e+06    8.953e+02
   5.000e+06    9.369e+02
   5.100e+06    9.787e+02
   5.200e+06    1.021e+03
   5.300e+06    1.062e+03
   5.400e+06    1.104e+03
   5.500e+06    1.146e+03
   5.600e+06    1.188e+03
   5.700e+06    1.229e+03
   5.800e+06    1.270e+03
   5.900e+06    1.310e+03
   6.000e+06    1.351e+03
   6.100e+06    1.390e+03
   6.200e+06    1.430e+03
   6.300e+06    1.468e+03
   6.400e+06    1.507e+03
   6.500e+06    1.544e+03
   6.600e+06    1.581e+03
   6.700e+06    1.618e+03
   6.800e+06    1.654e+03
   6.900e+06    1.689e+03
   7.000e+06    1.723e+03
   7.100e+06    1.757e+03
   7.200e+06    1.790e+03
   7.300e+06    1.823e+03
   7.400e+06    1.855e+03
   7.500e+06    1.886e+03
   7.600e+06    1.916e+03
   7.700e+06    1.946e+03
   7.800e+06    1.976e+03
   7.900e+06    2.005e+03
   8.000e+06    2.033e+03
   8.100e+06    2.061e+03
   8.200e+06    2.088e+03
   8.300e+06    2.117e+03
   8.400e+06    2.148e+03
   8.500e+06    2.178e+03
   8.600e+06    2.208e+03
   8.700e+06    2.238e+03
   8.800e+06    2.266e+03
   8.900e+06    2.295e+03
   9.000e+06    2.323e+03
   9.100e+06    2.350e+03
   9.200e+06    2.377e+03
   9.300e+06    2.404e+03
   9.400e+06    2.430e+03
   9.500e+06    2.456e+03
   9.600e+06    2.481e+03
   9.700e+06    2.506e+03
   9.800e+06    2.531e+03
   9.900e+06    2.555e+03
   1.000e+07    2.579e+03
   1.010e+07    2.603e+03
   1.020e+07    2.626e+03
   1.030e+07    2.649e+03
   1.040e+07    2.672e+03
   1.050e+07    2.694e+03
   1.060e+07    2.717e+03
   1.070e+07    2.738e+03
   1.080e+07    2.760e+03
   1.090e+07    2.781e+03
   1.100e+07    2.803e+03
   1.110e+07    2.823e+03
   1.120e+07    2.844e+03
   1.130e+07    2.865e+03
   1.140e+07    2.885e+03
   1.150e+07    2.905e+03
   1.160e+07    2.925e+03
   1.170e+07    2.944e+03
   1.180e+07    2.963e+03
   1.190e+07    2.983e+03
   1.200e+07    3.001e+03
   1.210e+07    3.020e+03
   1.220e+07    3.039e+03
   1.230e+07    3.057e+03
   1.240e+07    3.075e+03
   1.250e+07    3.092e+03
   1.260e+07    3.109e+03
   1.270e+07    3.126e+03
   1.280e+07    3.143e+03
   1.290e+07    3.160e+03
   1.300e+07    3.176e+03
   1.310e+07    3.193e+03
   1.320e+07    3.209e+03
   1.330e+07    3.225e+03
   1.340e+07    3.241e+03
   1.350e+07    3.256e+03
   1.360e+07    3.272e+03
   1.370e+07    3.287e+03
   1.380e+07    3.302e+03
   1.390e+07    3.317e+03
   1.400e+07    3.332e+03
   1.410e+07    3.347e+03
   1.420e+07    3.362e+03
   1.430e+07    3.376e+03
   1.440e+07    3.390e+03
   1.450e+07    3.404e+03
   1.460e+07    3.418e+03
   1.470e+07    3.432e+03
   1.480e+07    3.446e+03
   1.490e+07    3.459e+03
   1.500e+07    3.473e+03
   1.510e+07    3.486e+03
   1.520e+07    3.499e+03
   1.530e+07    3.512e+03
   1.540e+07    3.525e+03
   1.550e+07    3.537e+03
   1.560e+07    3.550e+03
   1.570e+07    3.562e+03
   1.580e+07    3.574e+03
   1.590e+07    3.586e+03
   1.600e+07    3.598e+03
   1.610e+07    3.610e+03
   1.620e+07    3.621e+03
   1.630e+07    3.633e+03
   1.640e+07    3.644e+03
   1.650e+07    3.655e+03
   1.660e+07    3.666e+03
   1.670e+07    3.677e+03
   1.680e+07    3.688e+03
   1.690e+07    3.699e+03
   1.700e+07    3.709e+03
   1.710e+07    3.720e+03
   1.720e+07    3.729e+03
   1.730e+07    3.739e+03
   1.740e+07    3.749e+03
   1.750e+07    3.758e+03
   1.760e+07    3.767e+03
   1.770e+07    3.777e+03
   1.780e+07    3.786e+03
   1.790e+07    3.795e+03
   1.800e+07    3.803e+03
   1.810e+07    3.812e+03
   1.820e+07    3.821e+03
   1.830e+07    3.829e+03
   1.840e+07    3.838e+03
   1.850e+07    3.846e+03
   1.860e+07    3.854e+03
   1.870e+07    3.862e+03
   1.880e+07    3.870e+03
   1.890e+07    3.877e+03
   1.900e+07    3.885e+03
   1.910e+07    3.893e+03
   1.920e+07    3.900e+03
   1.930e+07    3.907e+03
   1.940e+07    3.915e+03
   1.950e+07    3.922e+03
   1.960e+07    3.929e+03
   1.970e+07    3.936e+03
   1.980e+07    3.942e+03
   1.990e+07    3.949e+03
   2.000e+07    3.955e+03
