   0.000e+00    0.000e+00
   1.000e+05    7.432e+00
   2.000e+05    1.426e+01
   3.000e+05    2.087e+01
   4.000e+05    2.736e+01
   5.000e+05    3.374e+01
   6.000e+05    4.005e+01
   7.000e+05    4.629e+01
   8.000e+05    5.248e+01
   9.000e+05    5.863e+01
   1.000e+06    6.473e+01
   1.100e+06    7.080e+01
   1.200e+06    7.683e+01
   1.300e+06    8.284e+01
   1.400e+06    8.881e+01
   1.500e+06    9.477e+01
   1.600e+06    1.012e+02
   1.700e+06    1.090e+02
   1.800e+06    1.174e+02
   1.900e+06    1.263e+02
   2.000e+06    1.358e+02
   2.100e+06    1.458e+02
   2.200e+06    1.565e+02
   2.300e+06    1.678e+02
   2.400e+06    1.796e+02
   2.500e+06    1.921e+02
   2.600e+06    2.051e+02
   2.700e+06    2.187e+02
   2.800e+06    2.328e+02
   2.900e+06    2.473e+02
   3.000e+06    2.624e+02
   3.100e+06    2.779e+02
   3.200e+06    2.938e+02
   3.300e+06    3.100e+02
   3.400e+06    3.265e+02
   3.500e+06    3.433e+02
   3.600e+06    3.608e+02
   3.700e+06    3.789e+02
   3.800e+06    3.972e+02
   3.900e+06    4.156e+02
   4.000e+06    4.341e+02
   4.100e+06    4.525e+02
   4.200e+06    4.709e+02
   4.300e+06    4.892e+02
   4.400e+06    5.073e+02
   4.500e+06    5.253e+02
   4.600e+06    5.430e+02
   4.700e+06    5.606e+02
   4.800e+06    5.779e+02
   4.900e+06    5.949e+02
   5.000e+06    6.116e+02
   5.100e+06    6.281e+02
   5.200e+06    6.443e+02
   5.300e+06    6.602e+02
   5.400e+06    6.758e+02
   5.500e+06    6.911e+02
   5.600e+06    7.062e+02
   5.700e+06    7.210e+02
   5.800e+06    7.355e+02
   5.900e+06    7.498e+02
   6.000e+06    7.639e+02
   6.100e+06    7.777e+02
   6.200e+06    7.914e+02
   6.300e+06    8.048e+02
   6.400e+06    8.181e+02
   6.500e+06    8.312e+02
   6.600e+06    8.441e+02
   6.700e+06    8.569e+02
   6.800e+06    8.696e+02
   6.900e+06    8.822e+02
   7.000e+06    8.946e+02
   7.100e+06    9.069e+02
   7.200e+06    9.191e+02
   7.300e+06    9.312e+02
   7.400e+06    9.432e+02
   7.500e+06    9.551e+02
   7.600e+06    9.669e+02
   7.700e+06    9.787e+02
   7.800e+06    9.903e+02
   7.900e+06    1.007e+03
   8.000e+06    1.024e+03
   8.100e+06    1.041e+03
   8.200e+06    1.057e+03
   8.300e+06    1.073e+03
   8.400e+06    1.089e+03
   8.500e+06    1.105e+03
   8.600e+06    1.121e+03
   8.700e+06    1.137e+03
   8.800e+06    1.152e+03
   8.900e+06    1.167e+03
   9.000e+06    1.182e+03
   9.100e+06    1.197e+03
   9.200e+06    1.211e+03
   9.300e+06    1.226e+03
   9.400e+06    1.240e+03
   9.500e+06    1.254e+03
   9.600e+06    1.268e+03
   9.700e+06    1.281e+03
   9.800e+06    1.295e+03
   9.900e+06    1.308e+03
   1.000e+07    1.321e+03
   1.010e+07    1.334e+03
   1.020e+07    1.347e+03
   1.030e+07    1.359e+03
   1.040e+07    1.372e+03
   1.050e+07    1.384e+03
   1.060e+07    1.397e+03
   1.070e+07    1.409e+03
   1.080e+07    1.422e+03
   1.090e+07    1.434e+03
   1.100e+07    1.446e+03
   1.110e+07    1.457e+03
   1.120e+07    1.469e+03
   1.130e+07    1.480e+03
   1.140e+07    1.492e+03
   1.150e+07    1.503e+03
   1.160e+07    1.513e+03
   1.170e+07    1.524e+03
   1.180e+07    1.534e+03
   1.190e+07    1.544e+03
   1.200e+07    1.554e+03
   1.210e+07    1.564e+03
   1.220e+07    1.574e+03
   1.230e+07    1.583e+03
   1.240e+07    1.593e+03
   1.250e+07    1.602e+03
   1.260e+07    1.611e+03
   1.270e+07    1.619e+03
   1.280e+07    1.628e+03
   1.290e+07    1.636e+03
   1.300e+07    1.644e+03
   1.310e+07    1.652e+03
   1.320e+07    1.660e+03
   1.330e+07    1.668e+03
   1.340e+07    1.676e+03
   1.350e+07    1.683e+03
   1.360e+07    1.690e+03
   1.370e+07    1.697e+03
   1.380e+07    1.703e+03
   1.390e+07    1.709e+03
   1.400e+07    1.714e+03
   1.410e+07    1.719e+03
   1.420e+07    1.724e+03
   1.430e+07    1.729e+03
   1.440e+07    1.734e+03
   1.450e+07    1.739e+03
   1.460e+07    1.743e+03
   1.470e+07    1.748e+03
   1.480e+07    1.752e+03
   1.490e+07    1.756e+03
   1.500e+07    1.760e+03
   1.510e+07    1.764e+03
   1.520e+07    1.768e+03
   1.530e+07    1.772e+03
   1.540e+07    1.775e+03
   1.550e+07    1.779e+03
   1.560e+07    1.782e+03
   1.570e+07    1.786e+03
   1.580e+07    1.789e+03
   1.590e+07    1.792e+03
   1.600e+07    1.795e+03
   1.610e+07    1.798e+03
   1.620e+07    1.801e+03
   1.630e+07    1.803e+03
   1.640e+07    1.806e+03
   1.650e+07    1.808e+03
   1.660e+07    1.811e+03
   1.670e+07    1.813e+03
   1.680e+07    1.815e+03
   1.690e+07    1.817e+03
   1.700e+07    1.819e+03
   1.710e+07    1.821e+03
   1.720e+07    1.823e+03
   1.730e+07    1.825e+03
   1.740e+07    1.827e+03
   1.750e+07    1.828e+03
   1.760e+07    1.830e+03
   1.770e+07    1.831e+03
   1.780e+07    1.833e+03
   1.790e+07    1.833e+03
   1.800e+07    1.833e+03
   1.810e+07    1.833e+03
   1.820e+07    1.832e+03
   1.830e+07    1.832e+03
   1.840e+07    1.832e+03
   1.850e+07    1.831e+03
   1.860e+07    1.831e+03
   1.870e+07    1.830e+03
   1.880e+07    1.830e+03
   1.890e+07    1.829e+03
   1.900e+07    1.828e+03
   1.910e+07    1.828e+03
   1.920e+07    1.827e+03
   1.930e+07    1.826e+03
   1.940e+07    1.826e+03
   1.950e+07    1.825e+03
   1.960e+07    1.824e+03
   1.970e+07    1.823e+03
   1.980e+07    1.822e+03
   1.990e+07    1.821e+03
   2.000e+07    1.820e+03
