   0.000e+00    0.000e+00
   1.000e+05    9.578e+00
   2.000e+05    1.837e+01
   3.000e+05    2.690e+01
   4.000e+05    3.525e+01
   5.000e+05    4.348e+01
   6.000e+05    5.161e+01
   7.000e+05    5.965e+01
   8.000e+05    6.763e+01
   9.000e+05    7.555e+01
   1.000e+06    8.342e+01
   1.100e+06    9.124e+01
   1.200e+06    9.901e+01
   1.300e+06    1.067e+02
   1.400e+06    1.144e+02
   1.500e+06    1.209e+02
   1.600e+06    1.295e+02
   1.700e+06    1.386e+02
   1.800e+06    1.481e+02
   1.900e+06    1.580e+02
   2.000e+06    1.684e+02
   2.100e+06    1.793e+02
   2.200e+06    1.906e+02
   2.300e+06    2.025e+02
   2.400e+06    2.148e+02
   2.500e+06    2.276e+02
   2.600e+06    2.409e+02
   2.700e+06    2.547e+02
   2.800e+06    2.688e+02
   2.900e+06    2.834e+02
   3.000e+06    2.984e+02
   3.100e+06    3.138e+02
   3.200e+06    3.295e+02
   3.300e+06    3.455e+02
   3.400e+06    3.619e+02
   3.500e+06    3.785e+02
   3.600e+06    3.959e+02
   3.700e+06    4.140e+02
   3.800e+06    4.323e+02
   3.900e+06    4.507e+02
   4.000e+06    4.693e+02
   4.100e+06    4.879e+02
   4.200e+06    5.066e+02
   4.300e+06    5.252e+02
   4.400e+06    5.438e+02
   4.500e+06    5.624e+02
   4.600e+06    5.808e+02
   4.700e+06    5.990e+02
   4.800e+06    6.170e+02
   4.900e+06    6.349e+02
   5.000e+06    6.524e+02
   5.100e+06    6.697e+02
   5.200e+06    6.867e+02
   5.300e+06    7.033e+02
   5.400e+06    7.196e+02
   5.500e+06    7.355e+02
   5.600e+06    7.510e+02
   5.700e+06    7.661e+02
   5.800e+06    7.808e+02
   5.900e+06    7.951e+02
   6.000e+06    8.089e+02
   6.100e+06    8.223e+02
   6.200e+06    8.352e+02
   6.300e+06    8.477e+02
   6.400e+06    8.598e+02
   6.500e+06    8.714e+02
   6.600e+06    8.826e+02
   6.700e+06    8.934e+02
   6.800e+06    9.037e+02
   6.900e+06    9.137e+02
   7.000e+06    9.232e+02
   7.100e+06    9.323e+02
   7.200e+06    9.411e+02
   7.300e+06    9.495e+02
   7.400e+06    9.576e+02
   7.500e+06    9.653e+02
   7.600e+06    9.727e+02
   7.700e+06    9.798e+02
   7.800e+06    9.867e+02
   7.900e+06    9.985e+02
   8.000e+06    1.010e+03
   8.100e+06    1.021e+03
   8.200e+06    1.031e+03
   8.300e+06    1.042e+03
   8.400e+06    1.051e+03
   8.500e+06    1.061e+03
   8.600e+06    1.070e+03
   8.700e+06    1.079e+03
   8.800e+06    1.087e+03
   8.900e+06    1.095e+03
   9.000e+06    1.103e+03
   9.100e+06    1.110e+03
   9.200e+06    1.118e+03
   9.300e+06    1.125e+03
   9.400e+06    1.131e+03
   9.500e+06    1.138e+03
   9.600e+06    1.144e+03
   9.700e+06    1.150e+03
   9.800e+06    1.156e+03
   9.900e+06    1.162e+03
   1.000e+07    1.167e+03
   1.010e+07    1.172e+03
   1.020e+07    1.177e+03
   1.030e+07    1.182e+03
   1.040e+07    1.187e+03
   1.050e+07    1.191e+03
   1.060e+07    1.196e+03
   1.070e+07    1.201e+03
   1.080e+07    1.206e+03
   1.090e+07    1.211e+03
   1.100e+07    1.215e+03
   1.110e+07    1.219e+03
   1.120e+07    1.224e+03
   1.130e+07    1.228e+03
   1.140e+07    1.231e+03
   1.150e+07    1.235e+03
   1.160e+07    1.239e+03
   1.170e+07    1.242e+03
   1.180e+07    1.246e+03
   1.190e+07    1.249e+03
   1.200e+07    1.252e+03
   1.210e+07    1.255e+03
   1.220e+07    1.258e+03
   1.230e+07    1.261e+03
   1.240e+07    1.264e+03
   1.250e+07    1.266e+03
   1.260e+07    1.269e+03
   1.270e+07    1.271e+03
   1.280e+07    1.274e+03
   1.290e+07    1.276e+03
   1.300e+07    1.278e+03
   1.310e+07    1.280e+03
   1.320e+07    1.282e+03
   1.330e+07    1.284e+03
   1.340e+07    1.286e+03
   1.350e+07    1.288e+03
   1.360e+07    1.289e+03
   1.370e+07    1.291e+03
   1.380e+07    1.292e+03
   1.390e+07    1.292e+03
   1.400e+07    1.293e+03
   1.410e+07    1.293e+03
   1.420e+07    1.293e+03
   1.430e+07    1.294e+03
   1.440e+07    1.294e+03
   1.450e+07    1.294e+03
   1.460e+07    1.294e+03
   1.470e+07    1.294e+03
   1.480e+07    1.294e+03
   1.490e+07    1.294e+03
   1.500e+07    1.294e+03
   1.510e+07    1.294e+03
   1.520e+07    1.294e+03
   1.530e+07    1.294e+03
   1.540e+07    1.293e+03
   1.550e+07    1.293e+03
   1.560e+07    1.293e+03
   1.570e+07    1.292e+03
   1.580e+07    1.292e+03
   1.590e+07    1.291e+03
   1.600e+07    1.291e+03
   1.610e+07    1.290e+03
   1.620e+07    1.290e+03
   1.630e+07    1.289e+03
   1.640e+07    1.288e+03
   1.650e+07    1.288e+03
   1.660e+07    1.287e+03
   1.670e+07    1.286e+03
   1.680e+07    1.285e+03
   1.690e+07    1.284e+03
   1.700e+07    1.283e+03
   1.710e+07    1.282e+03
   1.720e+07    1.281e+03
   1.730e+07    1.280e+03
   1.740e+07    1.279e+03
   1.750e+07    1.278e+03
   1.760e+07    1.277e+03
   1.770e+07    1.276e+03
   1.780e+07    1.275e+03
   1.790e+07    1.273e+03
   1.800e+07    1.271e+03
   1.810e+07    1.269e+03
   1.820e+07    1.266e+03
   1.830e+07    1.264e+03
   1.840e+07    1.262e+03
   1.850e+07    1.260e+03
   1.860e+07    1.257e+03
   1.870e+07    1.255e+03
   1.880e+07    1.253e+03
   1.890e+07    1.250e+03
   1.900e+07    1.248e+03
   1.910e+07    1.246e+03
   1.920e+07    1.244e+03
   1.930e+07    1.241e+03
   1.940e+07    1.239e+03
   1.950e+07    1.237e+03
   1.960e+07    1.234e+03
   1.970e+07    1.232e+03
   1.980e+07    1.230e+03
   1.990e+07    1.228e+03
   2.000e+07    1.225e+03
