   0.000e+00    0.000e+00
   1.000e+05    1.692e+01
   2.000e+05    3.246e+01
   3.000e+05    4.752e+01
   4.000e+05    6.228e+01
   5.000e+05    7.681e+01
   6.000e+05    9.117e+01
   7.000e+05    1.054e+02
   8.000e+05    1.195e+02
   9.000e+05    1.335e+02
   1.000e+06    1.474e+02
   1.100e+06    1.612e+02
   1.200e+06    1.749e+02
   1.300e+06    1.886e+02
   1.400e+06    2.022e+02
   1.500e+06    2.157e+02
   1.600e+06    2.292e+02
   1.700e+06    2.427e+02
   1.800e+06    2.561e+02
   1.900e+06    2.694e+02
   2.000e+06    2.827e+02
   2.100e+06    2.960e+02
   2.200e+06    3.092e+02
   2.300e+06    3.224e+02
   2.400e+06    3.356e+02
   2.500e+06    3.487e+02
   2.600e+06    3.618e+02
   2.700e+06    3.749e+02
   2.800e+06    3.879e+02
   2.900e+06    4.009e+02
   3.000e+06    4.139e+02
   3.100e+06    4.268e+02
   3.200e+06    4.398e+02
   3.300e+06    4.527e+02
   3.400e+06    4.656e+02
   3.500e+06    4.784e+02
   3.600e+06    4.913e+02
   3.700e+06    5.041e+02
   3.800e+06    5.169e+02
   3.900e+06    5.296e+02
   4.000e+06    5.424e+02
   4.100e+06    5.551e+02
   4.200e+06    5.679e+02
   4.300e+06    5.806e+02
   4.400e+06    5.932e+02
   4.500e+06    6.059e+02
   4.600e+06    6.186e+02
   4.700e+06    6.312e+02
   4.800e+06    6.485e+02
   4.900e+06    6.768e+02
   5.000e+06    7.052e+02
   5.100e+06    7.335e+02
   5.200e+06    7.618e+02
   5.300e+06    7.900e+02
   5.400e+06    8.182e+02
   5.500e+06    8.463e+02
   5.600e+06    8.742e+02
   5.700e+06    9.020e+02
   5.800e+06    9.297e+02
   5.900e+06    9.573e+02
   6.000e+06    9.847e+02
   6.100e+06    1.012e+03
   6.200e+06    1.039e+03
   6.300e+06    1.066e+03
   6.400e+06    1.092e+03
   6.500e+06    1.118e+03
   6.600e+06    1.145e+03
   6.700e+06    1.171e+03
   6.800e+06    1.197e+03
   6.900e+06    1.222e+03
   7.000e+06    1.248e+03
   7.100e+06    1.274e+03
   7.200e+06    1.299e+03
   7.300e+06    1.325e+03
   7.400e+06    1.350e+03
   7.500e+06    1.375e+03
   7.600e+06    1.401e+03
   7.700e+06    1.426e+03
   7.800e+06    1.451e+03
   7.900e+06    1.476e+03
   8.000e+06    1.502e+03
   8.100e+06    1.527e+03
   8.200e+06    1.552e+03
   8.300e+06    1.577e+03
   8.400e+06    1.606e+03
   8.500e+06    1.635e+03
   8.600e+06    1.664e+03
   8.700e+06    1.693e+03
   8.800e+06    1.722e+03
   8.900e+06    1.751e+03
   9.000e+06    1.780e+03
   9.100e+06    1.809e+03
   9.200e+06    1.838e+03
   9.300e+06    1.867e+03
   9.400e+06    1.895e+03
   9.500e+06    1.924e+03
   9.600e+06    1.953e+03
   9.700e+06    1.982e+03
   9.800e+06    2.009e+03
   9.900e+06    2.029e+03
   1.000e+07    2.048e+03
   1.010e+07    2.067e+03
   1.020e+07    2.085e+03
   1.030e+07    2.104e+03
   1.040e+07    2.122e+03
   1.050e+07    2.139e+03
   1.060e+07    2.156e+03
   1.070e+07    2.174e+03
   1.080e+07    2.190e+03
   1.090e+07    2.207e+03
   1.100e+07    2.223e+03
   1.110e+07    2.239e+03
   1.120e+07    2.254e+03
   1.130e+07    2.269e+03
   1.140e+07    2.284e+03
   1.150e+07    2.299e+03
   1.160e+07    2.313e+03
   1.170e+07    2.328e+03
   1.180e+07    2.342e+03
   1.190e+07    2.356e+03
   1.200e+07    2.370e+03
   1.210e+07    2.383e+03
   1.220e+07    2.396e+03
   1.230e+07    2.409e+03
   1.240e+07    2.421e+03
   1.250e+07    2.433e+03
   1.260e+07    2.444e+03
   1.270e+07    2.455e+03
   1.280e+07    2.466e+03
   1.290e+07    2.477e+03
   1.300e+07    2.487e+03
   1.310e+07    2.497e+03
   1.320e+07    2.507e+03
   1.330e+07    2.517e+03
   1.340e+07    2.526e+03
   1.350e+07    2.535e+03
   1.360e+07    2.544e+03
   1.370e+07    2.552e+03
   1.380e+07    2.561e+03
   1.390e+07    2.571e+03
   1.400e+07    2.584e+03
   1.410e+07    2.595e+03
   1.420e+07    2.607e+03
   1.430e+07    2.619e+03
   1.440e+07    2.630e+03
   1.450e+07    2.641e+03
   1.460e+07    2.652e+03
   1.470e+07    2.663e+03
   1.480e+07    2.674e+03
   1.490e+07    2.684e+03
   1.500e+07    2.695e+03
   1.510e+07    2.705e+03
   1.520e+07    2.715e+03
   1.530e+07    2.725e+03
   1.540e+07    2.734e+03
   1.550e+07    2.744e+03
   1.560e+07    2.753e+03
   1.570e+07    2.763e+03
   1.580e+07    2.772e+03
   1.590e+07    2.781e+03
   1.600e+07    2.789e+03
   1.610e+07    2.798e+03
   1.620e+07    2.807e+03
   1.630e+07    2.815e+03
   1.640e+07    2.823e+03
   1.650e+07    2.831e+03
   1.660e+07    2.839e+03
   1.670e+07    2.847e+03
   1.680e+07    2.854e+03
   1.690e+07    2.862e+03
   1.700e+07    2.869e+03
   1.710e+07    2.877e+03
   1.720e+07    2.883e+03
   1.730e+07    2.890e+03
   1.740e+07    2.897e+03
   1.750e+07    2.903e+03
   1.760e+07    2.909e+03
   1.770e+07    2.915e+03
   1.780e+07    2.921e+03
   1.790e+07    2.927e+03
   1.800e+07    2.933e+03
   1.810e+07    2.939e+03
   1.820e+07    2.944e+03
   1.830e+07    2.950e+03
   1.840e+07    2.955e+03
   1.850e+07    2.960e+03
   1.860e+07    2.965e+03
   1.870e+07    2.970e+03
   1.880e+07    2.975e+03
   1.890e+07    2.980e+03
   1.900e+07    2.985e+03
   1.910e+07    2.989e+03
   1.920e+07    2.994e+03
   1.930e+07    2.998e+03
   1.940e+07    3.002e+03
   1.950e+07    3.006e+03
   1.960e+07    3.011e+03
   1.970e+07    3.017e+03
   1.980e+07    3.022e+03
   1.990e+07    3.028e+03
   2.000e+07    3.034e+03
