   0.000e+00    0.000e+00
   1.000e+05    8.294e+00
   2.000e+05    1.591e+01
   3.000e+05    2.330e+01
   4.000e+05    3.053e+01
   5.000e+05    3.765e+01
   6.000e+05    4.469e+01
   7.000e+05    5.166e+01
   8.000e+05    5.857e+01
   9.000e+05    6.543e+01
   1.000e+06    7.224e+01
   1.100e+06    7.901e+01
   1.200e+06    8.574e+01
   1.300e+06    9.244e+01
   1.400e+06    9.911e+01
   1.500e+06    1.058e+02
   1.600e+06    1.124e+02
   1.700e+06    1.190e+02
   1.800e+06    1.264e+02
   1.900e+06    1.357e+02
   2.000e+06    1.453e+02
   2.100e+06    1.553e+02
   2.200e+06    1.656e+02
   2.300e+06    1.763e+02
   2.400e+06    1.872e+02
   2.500e+06    1.985e+02
   2.600e+06    2.100e+02
   2.700e+06    2.217e+02
   2.800e+06    2.337e+02
   2.900e+06    2.459e+02
   3.000e+06    2.582e+02
   3.100e+06    2.706e+02
   3.200e+06    2.822e+02
   3.300e+06    2.938e+02
   3.400e+06    3.053e+02
   3.500e+06    3.166e+02
   3.600e+06    3.278e+02
   3.700e+06    3.393e+02
   3.800e+06    3.505e+02
   3.900e+06    3.615e+02
   4.000e+06    3.721e+02
   4.100e+06    3.824e+02
   4.200e+06    3.922e+02
   4.300e+06    4.016e+02
   4.400e+06    4.115e+02
   4.500e+06    4.237e+02
   4.600e+06    4.356e+02
   4.700e+06    4.474e+02
   4.800e+06    4.590e+02
   4.900e+06    4.703e+02
   5.000e+06    4.814e+02
   5.100e+06    4.923e+02
   5.200e+06    5.029e+02
   5.300e+06    5.133e+02
   5.400e+06    5.235e+02
   5.500e+06    5.335e+02
   5.600e+06    5.432e+02
   5.700e+06    5.528e+02
   5.800e+06    5.622e+02
   5.900e+06    5.713e+02
   6.000e+06    5.803e+02
   6.100e+06    5.891e+02
   6.200e+06    5.978e+02
   6.300e+06    6.060e+02
   6.400e+06    6.141e+02
   6.500e+06    6.221e+02
   6.600e+06    6.299e+02
   6.700e+06    6.376e+02
   6.800e+06    6.452e+02
   6.900e+06    6.527e+02
   7.000e+06    6.602e+02
   7.100e+06    6.675e+02
   7.200e+06    6.747e+02
   7.300e+06    6.819e+02
   7.400e+06    6.890e+02
   7.500e+06    6.961e+02
   7.600e+06    7.031e+02
   7.700e+06    7.101e+02
   7.800e+06    7.170e+02
   7.900e+06    7.264e+02
   8.000e+06    7.372e+02
   8.100e+06    7.479e+02
   8.200e+06    7.584e+02
   8.300e+06    7.689e+02
   8.400e+06    7.792e+02
   8.500e+06    7.894e+02
   8.600e+06    7.995e+02
   8.700e+06    8.095e+02
   8.800e+06    8.193e+02
   8.900e+06    8.291e+02
   9.000e+06    8.388e+02
   9.100e+06    8.484e+02
   9.200e+06    8.579e+02
   9.300e+06    8.673e+02
   9.400e+06    8.766e+02
   9.500e+06    8.859e+02
   9.600e+06    8.950e+02
   9.700e+06    9.041e+02
   9.800e+06    9.124e+02
   9.900e+06    9.170e+02
   1.000e+07    9.215e+02
   1.010e+07    9.258e+02
   1.020e+07    9.300e+02
   1.030e+07    9.339e+02
   1.040e+07    9.377e+02
   1.050e+07    9.414e+02
   1.060e+07    9.454e+02
   1.070e+07    9.493e+02
   1.080e+07    9.530e+02
   1.090e+07    9.566e+02
   1.100e+07    9.600e+02
   1.110e+07    9.632e+02
   1.120e+07    9.662e+02
   1.130e+07    9.691e+02
   1.140e+07    9.719e+02
   1.150e+07    9.745e+02
   1.160e+07    9.770e+02
   1.170e+07    9.794e+02
   1.180e+07    9.818e+02
   1.190e+07    9.840e+02
   1.200e+07    9.860e+02
   1.210e+07    9.879e+02
   1.220e+07    9.897e+02
   1.230e+07    9.914e+02
   1.240e+07    9.929e+02
   1.250e+07    9.942e+02
   1.260e+07    9.955e+02
   1.270e+07    9.966e+02
   1.280e+07    9.976e+02
   1.290e+07    9.985e+02
   1.300e+07    9.993e+02
   1.310e+07    9.999e+02
   1.320e+07    1.000e+03
   1.330e+07    1.001e+03
   1.340e+07    1.001e+03
   1.350e+07    1.001e+03
   1.360e+07    1.001e+03
   1.370e+07    1.001e+03
   1.380e+07    1.001e+03
   1.390e+07    1.001e+03
   1.400e+07    1.002e+03
   1.410e+07    1.002e+03
   1.420e+07    1.003e+03
   1.430e+07    1.003e+03
   1.440e+07    1.003e+03
   1.450e+07    1.003e+03
   1.460e+07    1.004e+03
   1.470e+07    1.004e+03
   1.480e+07    1.004e+03
   1.490e+07    1.004e+03
   1.500e+07    1.004e+03
   1.510e+07    1.004e+03
   1.520e+07    1.004e+03
   1.530e+07    1.004e+03
   1.540e+07    1.003e+03
   1.550e+07    1.003e+03
   1.560e+07    1.003e+03
   1.570e+07    1.002e+03
   1.580e+07    1.002e+03
   1.590e+07    1.001e+03
   1.600e+07    1.001e+03
   1.610e+07    1.000e+03
   1.620e+07    9.996e+02
   1.630e+07    9.989e+02
   1.640e+07    9.982e+02
   1.650e+07    9.974e+02
   1.660e+07    9.967e+02
   1.670e+07    9.958e+02
   1.680e+07    9.950e+02
   1.690e+07    9.940e+02
   1.700e+07    9.931e+02
   1.710e+07    9.921e+02
   1.720e+07    9.911e+02
   1.730e+07    9.901e+02
   1.740e+07    9.890e+02
   1.750e+07    9.879e+02
   1.760e+07    9.867e+02
   1.770e+07    9.855e+02
   1.780e+07    9.843e+02
   1.790e+07    9.828e+02
   1.800e+07    9.807e+02
   1.810e+07    9.785e+02
   1.820e+07    9.764e+02
   1.830e+07    9.743e+02
   1.840e+07    9.722e+02
   1.850e+07    9.700e+02
   1.860e+07    9.679e+02
   1.870e+07    9.657e+02
   1.880e+07    9.636e+02
   1.890e+07    9.614e+02
   1.900e+07    9.593e+02
   1.910e+07    9.571e+02
   1.920e+07    9.549e+02
   1.930e+07    9.528e+02
   1.940e+07    9.506e+02
   1.950e+07    9.484e+02
   1.960e+07    9.464e+02
   1.970e+07    9.448e+02
   1.980e+07    9.432e+02
   1.990e+07    9.416e+02
   2.000e+07    9.400e+02
