   0.000e+00    0.000e+00
   1.000e+05    1.160e+01
   2.000e+05    2.225e+01
   3.000e+05    3.258e+01
   4.000e+05    4.270e+01
   5.000e+05    5.266e+01
   6.000e+05    6.251e+01
   7.000e+05    7.225e+01
   8.000e+05    8.191e+01
   9.000e+05    9.151e+01
   1.000e+06    1.010e+02
   1.100e+06    1.105e+02
   1.200e+06    1.199e+02
   1.300e+06    1.293e+02
   1.400e+06    1.386e+02
   1.500e+06    1.479e+02
   1.600e+06    1.572e+02
   1.700e+06    1.664e+02
   1.800e+06    1.756e+02
   1.900e+06    1.847e+02
   2.000e+06    1.938e+02
   2.100e+06    2.029e+02
   2.200e+06    2.120e+02
   2.300e+06    2.210e+02
   2.400e+06    2.301e+02
   2.500e+06    2.391e+02
   2.600e+06    2.480e+02
   2.700e+06    2.571e+02
   2.800e+06    2.727e+02
   2.900e+06    2.887e+02
   3.000e+06    3.053e+02
   3.100e+06    3.222e+02
   3.200e+06    3.393e+02
   3.300e+06    3.568e+02
   3.400e+06    3.746e+02
   3.500e+06    3.928e+02
   3.600e+06    4.112e+02
   3.700e+06    4.297e+02
   3.800e+06    4.480e+02
   3.900e+06    4.665e+02
   4.000e+06    4.851e+02
   4.100e+06    5.037e+02
   4.200e+06    5.224e+02
   4.300e+06    5.410e+02
   4.400e+06    5.598e+02
   4.500e+06    5.788e+02
   4.600e+06    5.977e+02
   4.700e+06    6.166e+02
   4.800e+06    6.354e+02
   4.900e+06    6.542e+02
   5.000e+06    6.729e+02
   5.100e+06    6.954e+02
   5.200e+06    7.197e+02
   5.300e+06    7.438e+02
   5.400e+06    7.678e+02
   5.500e+06    7.917e+02
   5.600e+06    8.154e+02
   5.700e+06    8.388e+02
   5.800e+06    8.621e+02
   5.900e+06    8.852e+02
   6.000e+06    9.081e+02
   6.100e+06    9.307e+02
   6.200e+06    9.532e+02
   6.300e+06    9.763e+02
   6.400e+06    9.991e+02
   6.500e+06    1.022e+03
   6.600e+06    1.044e+03
   6.700e+06    1.067e+03
   6.800e+06    1.089e+03
   6.900e+06    1.111e+03
   7.000e+06    1.132e+03
   7.100e+06    1.154e+03
   7.200e+06    1.175e+03
   7.300e+06    1.197e+03
   7.400e+06    1.217e+03
   7.500e+06    1.238e+03
   7.600e+06    1.259e+03
   7.700e+06    1.280e+03
   7.800e+06    1.300e+03
   7.900e+06    1.321e+03
   8.000e+06    1.341e+03
   8.100e+06    1.361e+03
   8.200e+06    1.381e+03
   8.300e+06    1.401e+03
   8.400e+06    1.420e+03
   8.500e+06    1.439e+03
   8.600e+06    1.458e+03
   8.700e+06    1.477e+03
   8.800e+06    1.496e+03
   8.900e+06    1.514e+03
   9.000e+06    1.532e+03
   9.100e+06    1.550e+03
   9.200e+06    1.567e+03
   9.300e+06    1.585e+03
   9.400e+06    1.602e+03
   9.500e+06    1.619e+03
   9.600e+06    1.635e+03
   9.700e+06    1.652e+03
   9.800e+06    1.668e+03
   9.900e+06    1.685e+03
   1.000e+07    1.702e+03
   1.010e+07    1.718e+03
   1.020e+07    1.735e+03
   1.030e+07    1.751e+03
   1.040e+07    1.767e+03
   1.050e+07    1.783e+03
   1.060e+07    1.799e+03
   1.070e+07    1.816e+03
   1.080e+07    1.835e+03
   1.090e+07    1.853e+03
   1.100e+07    1.871e+03
   1.110e+07    1.888e+03
   1.120e+07    1.906e+03
   1.130e+07    1.923e+03
   1.140e+07    1.940e+03
   1.150e+07    1.956e+03
   1.160e+07    1.973e+03
   1.170e+07    1.990e+03
   1.180e+07    2.008e+03
   1.190e+07    2.025e+03
   1.200e+07    2.042e+03
   1.210e+07    2.059e+03
   1.220e+07    2.075e+03
   1.230e+07    2.092e+03
   1.240e+07    2.108e+03
   1.250e+07    2.124e+03
   1.260e+07    2.140e+03
   1.270e+07    2.155e+03
   1.280e+07    2.170e+03
   1.290e+07    2.185e+03
   1.300e+07    2.200e+03
   1.310e+07    2.215e+03
   1.320e+07    2.230e+03
   1.330e+07    2.244e+03
   1.340e+07    2.258e+03
   1.350e+07    2.272e+03
   1.360e+07    2.286e+03
   1.370e+07    2.299e+03
   1.380e+07    2.313e+03
   1.390e+07    2.324e+03
   1.400e+07    2.335e+03
   1.410e+07    2.346e+03
   1.420e+07    2.356e+03
   1.430e+07    2.365e+03
   1.440e+07    2.374e+03
   1.450e+07    2.383e+03
   1.460e+07    2.392e+03
   1.470e+07    2.401e+03
   1.480e+07    2.409e+03
   1.490e+07    2.417e+03
   1.500e+07    2.425e+03
   1.510e+07    2.433e+03
   1.520e+07    2.441e+03
   1.530e+07    2.448e+03
   1.540e+07    2.456e+03
   1.550e+07    2.463e+03
   1.560e+07    2.470e+03
   1.570e+07    2.477e+03
   1.580e+07    2.483e+03
   1.590e+07    2.490e+03
   1.600e+07    2.496e+03
   1.610e+07    2.502e+03
   1.620e+07    2.508e+03
   1.630e+07    2.514e+03
   1.640e+07    2.520e+03
   1.650e+07    2.525e+03
   1.660e+07    2.531e+03
   1.670e+07    2.536e+03
   1.680e+07    2.541e+03
   1.690e+07    2.546e+03
   1.700e+07    2.551e+03
   1.710e+07    2.556e+03
   1.720e+07    2.560e+03
   1.730e+07    2.565e+03
   1.740e+07    2.569e+03
   1.750e+07    2.573e+03
   1.760e+07    2.578e+03
   1.770e+07    2.582e+03
   1.780e+07    2.585e+03
   1.790e+07    2.589e+03
   1.800e+07    2.593e+03
   1.810e+07    2.596e+03
   1.820e+07    2.600e+03
   1.830e+07    2.603e+03
   1.840e+07    2.606e+03
   1.850e+07    2.609e+03
   1.860e+07    2.612e+03
   1.870e+07    2.613e+03
   1.880e+07    2.615e+03
   1.890e+07    2.617e+03
   1.900e+07    2.618e+03
   1.910e+07    2.620e+03
   1.920e+07    2.621e+03
   1.930e+07    2.622e+03
   1.940e+07    2.624e+03
   1.950e+07    2.625e+03
   1.960e+07    2.626e+03
   1.970e+07    2.627e+03
   1.980e+07    2.628e+03
   1.990e+07    2.629e+03
   2.000e+07    2.630e+03
