   0.000e+00    0.000e+00
   1.000e+05    7.270e+00
   2.000e+05    1.395e+01
   3.000e+05    2.042e+01
   4.000e+05    2.676e+01
   5.000e+05    3.300e+01
   6.000e+05    3.917e+01
   7.000e+05    4.528e+01
   8.000e+05    5.134e+01
   9.000e+05    5.735e+01
   1.000e+06    6.332e+01
   1.100e+06    6.925e+01
   1.200e+06    7.516e+01
   1.300e+06    8.103e+01
   1.400e+06    8.687e+01
   1.500e+06    9.303e+01
   1.600e+06    1.003e+02
   1.700e+06    1.081e+02
   1.800e+06    1.165e+02
   1.900e+06    1.254e+02
   2.000e+06    1.350e+02
   2.100e+06    1.451e+02
   2.200e+06    1.558e+02
   2.300e+06    1.672e+02
   2.400e+06    1.791e+02
   2.500e+06    1.916e+02
   2.600e+06    2.047e+02
   2.700e+06    2.184e+02
   2.800e+06    2.325e+02
   2.900e+06    2.472e+02
   3.000e+06    2.624e+02
   3.100e+06    2.780e+02
   3.200e+06    2.939e+02
   3.300e+06    3.102e+02
   3.400e+06    3.268e+02
   3.500e+06    3.440e+02
   3.600e+06    3.616e+02
   3.700e+06    3.793e+02
   3.800e+06    3.971e+02
   3.900e+06    4.150e+02
   4.000e+06    4.329e+02
   4.100e+06    4.508e+02
   4.200e+06    4.686e+02
   4.300e+06    4.863e+02
   4.400e+06    5.038e+02
   4.500e+06    5.211e+02
   4.600e+06    5.383e+02
   4.700e+06    5.551e+02
   4.800e+06    5.717e+02
   4.900e+06    5.881e+02
   5.000e+06    6.041e+02
   5.100e+06    6.199e+02
   5.200e+06    6.353e+02
   5.300e+06    6.505e+02
   5.400e+06    6.650e+02
   5.500e+06    6.787e+02
   5.600e+06    6.920e+02
   5.700e+06    7.051e+02
   5.800e+06    7.180e+02
   5.900e+06    7.307e+02
   6.000e+06    7.431e+02
   6.100e+06    7.554e+02
   6.200e+06    7.675e+02
   6.300e+06    7.794e+02
   6.400e+06    7.912e+02
   6.500e+06    8.028e+02
   6.600e+06    8.143e+02
   6.700e+06    8.257e+02
   6.800e+06    8.369e+02
   6.900e+06    8.481e+02
   7.000e+06    8.592e+02
   7.100e+06    8.702e+02
   7.200e+06    8.811e+02
   7.300e+06    8.920e+02
   7.400e+06    9.028e+02
   7.500e+06    9.135e+02
   7.600e+06    9.255e+02
   7.700e+06    9.400e+02
   7.800e+06    9.543e+02
   7.900e+06    9.684e+02
   8.000e+06    9.823e+02
   8.100e+06    9.961e+02
   8.200e+06    1.010e+03
   8.300e+06    1.023e+03
   8.400e+06    1.037e+03
   8.500e+06    1.050e+03
   8.600e+06    1.063e+03
   8.700e+06    1.076e+03
   8.800e+06    1.088e+03
   8.900e+06    1.101e+03
   9.000e+06    1.113e+03
   9.100e+06    1.126e+03
   9.200e+06    1.138e+03
   9.300e+06    1.150e+03
   9.400e+06    1.161e+03
   9.500e+06    1.173e+03
   9.600e+06    1.184e+03
   9.700e+06    1.196e+03
   9.800e+06    1.207e+03
   9.900e+06    1.218e+03
   1.000e+07    1.229e+03
   1.010e+07    1.239e+03
   1.020e+07    1.251e+03
   1.030e+07    1.264e+03
   1.040e+07    1.277e+03
   1.050e+07    1.290e+03
   1.060e+07    1.302e+03
   1.070e+07    1.315e+03
   1.080e+07    1.327e+03
   1.090e+07    1.339e+03
   1.100e+07    1.351e+03
   1.110e+07    1.362e+03
   1.120e+07    1.374e+03
   1.130e+07    1.385e+03
   1.140e+07    1.396e+03
   1.150e+07    1.407e+03
   1.160e+07    1.418e+03
   1.170e+07    1.428e+03
   1.180e+07    1.439e+03
   1.190e+07    1.449e+03
   1.200e+07    1.459e+03
   1.210e+07    1.468e+03
   1.220e+07    1.478e+03
   1.230e+07    1.487e+03
   1.240e+07    1.497e+03
   1.250e+07    1.506e+03
   1.260e+07    1.515e+03
   1.270e+07    1.523e+03
   1.280e+07    1.532e+03
   1.290e+07    1.540e+03
   1.300e+07    1.548e+03
   1.310e+07    1.556e+03
   1.320e+07    1.564e+03
   1.330e+07    1.572e+03
   1.340e+07    1.579e+03
   1.350e+07    1.585e+03
   1.360e+07    1.592e+03
   1.370e+07    1.598e+03
   1.380e+07    1.604e+03
   1.390e+07    1.610e+03
   1.400e+07    1.616e+03
   1.410e+07    1.622e+03
   1.420e+07    1.627e+03
   1.430e+07    1.632e+03
   1.440e+07    1.638e+03
   1.450e+07    1.643e+03
   1.460e+07    1.648e+03
   1.470e+07    1.653e+03
   1.480e+07    1.657e+03
   1.490e+07    1.662e+03
   1.500e+07    1.666e+03
   1.510e+07    1.671e+03
   1.520e+07    1.675e+03
   1.530e+07    1.679e+03
   1.540e+07    1.683e+03
   1.550e+07    1.687e+03
   1.560e+07    1.691e+03
   1.570e+07    1.694e+03
   1.580e+07    1.698e+03
   1.590e+07    1.701e+03
   1.600e+07    1.705e+03
   1.610e+07    1.708e+03
   1.620e+07    1.711e+03
   1.630e+07    1.714e+03
   1.640e+07    1.717e+03
   1.650e+07    1.719e+03
   1.660e+07    1.722e+03
   1.670e+07    1.725e+03
   1.680e+07    1.727e+03
   1.690e+07    1.729e+03
   1.700e+07    1.732e+03
   1.710e+07    1.734e+03
   1.720e+07    1.736e+03
   1.730e+07    1.738e+03
   1.740e+07    1.738e+03
   1.750e+07    1.738e+03
   1.760e+07    1.738e+03
   1.770e+07    1.738e+03
   1.780e+07    1.738e+03
   1.790e+07    1.738e+03
   1.800e+07    1.738e+03
   1.810e+07    1.737e+03
   1.820e+07    1.737e+03
   1.830e+07    1.737e+03
   1.840e+07    1.736e+03
   1.850e+07    1.736e+03
   1.860e+07    1.735e+03
   1.870e+07    1.735e+03
   1.880e+07    1.734e+03
   1.890e+07    1.733e+03
   1.900e+07    1.733e+03
   1.910e+07    1.732e+03
   1.920e+07    1.731e+03
   1.930e+07    1.731e+03
   1.940e+07    1.730e+03
   1.950e+07    1.729e+03
   1.960e+07    1.728e+03
   1.970e+07    1.728e+03
   1.980e+07    1.726e+03
   1.990e+07    1.725e+03
   2.000e+07    1.723e+03
