   0.000e+00    0.000e+00
   1.000e+05    9.356e+00
   2.000e+05    1.795e+01
   3.000e+05    2.628e+01
   4.000e+05    3.444e+01
   5.000e+05    4.247e+01
   6.000e+05    5.041e+01
   7.000e+05    5.828e+01
   8.000e+05    6.607e+01
   9.000e+05    7.380e+01
   1.000e+06    8.149e+01
   1.100e+06    8.913e+01
   1.200e+06    9.672e+01
   1.300e+06    1.043e+02
   1.400e+06    1.115e+02
   1.500e+06    1.198e+02
   1.600e+06    1.284e+02
   1.700e+06    1.375e+02
   1.800e+06    1.470e+02
   1.900e+06    1.570e+02
   2.000e+06    1.675e+02
   2.100e+06    1.784e+02
   2.200e+06    1.899e+02
   2.300e+06    2.018e+02
   2.400e+06    2.142e+02
   2.500e+06    2.271e+02
   2.600e+06    2.405e+02
   2.700e+06    2.544e+02
   2.800e+06    2.686e+02
   2.900e+06    2.833e+02
   3.000e+06    2.984e+02
   3.100e+06    3.139e+02
   3.200e+06    3.297e+02
   3.300e+06    3.458e+02
   3.400e+06    3.622e+02
   3.500e+06    3.793e+02
   3.600e+06    3.967e+02
   3.700e+06    4.143e+02
   3.800e+06    4.321e+02
   3.900e+06    4.500e+02
   4.000e+06    4.680e+02
   4.100e+06    4.860e+02
   4.200e+06    5.041e+02
   4.300e+06    5.221e+02
   4.400e+06    5.400e+02
   4.500e+06    5.579e+02
   4.600e+06    5.756e+02
   4.700e+06    5.931e+02
   4.800e+06    6.104e+02
   4.900e+06    6.275e+02
   5.000e+06    6.444e+02
   5.100e+06    6.609e+02
   5.200e+06    6.771e+02
   5.300e+06    6.930e+02
   5.400e+06    7.080e+02
   5.500e+06    7.221e+02
   5.600e+06    7.359e+02
   5.700e+06    7.492e+02
   5.800e+06    7.621e+02
   5.900e+06    7.747e+02
   6.000e+06    7.869e+02
   6.100e+06    7.986e+02
   6.200e+06    8.099e+02
   6.300e+06    8.209e+02
   6.400e+06    8.314e+02
   6.500e+06    8.416e+02
   6.600e+06    8.514e+02
   6.700e+06    8.607e+02
   6.800e+06    8.698e+02
   6.900e+06    8.784e+02
   7.000e+06    8.867e+02
   7.100e+06    8.946e+02
   7.200e+06    9.023e+02
   7.300e+06    9.096e+02
   7.400e+06    9.165e+02
   7.500e+06    9.232e+02
   7.600e+06    9.313e+02
   7.700e+06    9.412e+02
   7.800e+06    9.508e+02
   7.900e+06    9.599e+02
   8.000e+06    9.687e+02
   8.100e+06    9.772e+02
   8.200e+06    9.852e+02
   8.300e+06    9.930e+02
   8.400e+06    1.000e+03
   8.500e+06    1.008e+03
   8.600e+06    1.014e+03
   8.700e+06    1.021e+03
   8.800e+06    1.027e+03
   8.900e+06    1.033e+03
   9.000e+06    1.039e+03
   9.100e+06    1.044e+03
   9.200e+06    1.050e+03
   9.300e+06    1.055e+03
   9.400e+06    1.060e+03
   9.500e+06    1.064e+03
   9.600e+06    1.069e+03
   9.700e+06    1.073e+03
   9.800e+06    1.077e+03
   9.900e+06    1.081e+03
   1.000e+07    1.085e+03
   1.010e+07    1.089e+03
   1.020e+07    1.093e+03
   1.030e+07    1.099e+03
   1.040e+07    1.105e+03
   1.050e+07    1.110e+03
   1.060e+07    1.116e+03
   1.070e+07    1.121e+03
   1.080e+07    1.126e+03
   1.090e+07    1.131e+03
   1.100e+07    1.135e+03
   1.110e+07    1.140e+03
   1.120e+07    1.144e+03
   1.130e+07    1.149e+03
   1.140e+07    1.153e+03
   1.150e+07    1.157e+03
   1.160e+07    1.161e+03
   1.170e+07    1.165e+03
   1.180e+07    1.168e+03
   1.190e+07    1.172e+03
   1.200e+07    1.175e+03
   1.210e+07    1.178e+03
   1.220e+07    1.182e+03
   1.230e+07    1.185e+03
   1.240e+07    1.188e+03
   1.250e+07    1.191e+03
   1.260e+07    1.193e+03
   1.270e+07    1.196e+03
   1.280e+07    1.199e+03
   1.290e+07    1.201e+03
   1.300e+07    1.203e+03
   1.310e+07    1.206e+03
   1.320e+07    1.208e+03
   1.330e+07    1.210e+03
   1.340e+07    1.212e+03
   1.350e+07    1.213e+03
   1.360e+07    1.214e+03
   1.370e+07    1.215e+03
   1.380e+07    1.217e+03
   1.390e+07    1.218e+03
   1.400e+07    1.219e+03
   1.410e+07    1.220e+03
   1.420e+07    1.220e+03
   1.430e+07    1.221e+03
   1.440e+07    1.222e+03
   1.450e+07    1.223e+03
   1.460e+07    1.223e+03
   1.470e+07    1.224e+03
   1.480e+07    1.224e+03
   1.490e+07    1.225e+03
   1.500e+07    1.225e+03
   1.510e+07    1.225e+03
   1.520e+07    1.226e+03
   1.530e+07    1.226e+03
   1.540e+07    1.226e+03
   1.550e+07    1.226e+03
   1.560e+07    1.226e+03
   1.570e+07    1.226e+03
   1.580e+07    1.226e+03
   1.590e+07    1.226e+03
   1.600e+07    1.226e+03
   1.610e+07    1.226e+03
   1.620e+07    1.225e+03
   1.630e+07    1.225e+03
   1.640e+07    1.225e+03
   1.650e+07    1.224e+03
   1.660e+07    1.224e+03
   1.670e+07    1.223e+03
   1.680e+07    1.223e+03
   1.690e+07    1.222e+03
   1.700e+07    1.221e+03
   1.710e+07    1.221e+03
   1.720e+07    1.220e+03
   1.730e+07    1.219e+03
   1.740e+07    1.217e+03
   1.750e+07    1.215e+03
   1.760e+07    1.213e+03
   1.770e+07    1.211e+03
   1.780e+07    1.209e+03
   1.790e+07    1.207e+03
   1.800e+07    1.205e+03
   1.810e+07    1.202e+03
   1.820e+07    1.200e+03
   1.830e+07    1.198e+03
   1.840e+07    1.196e+03
   1.850e+07    1.194e+03
   1.860e+07    1.192e+03
   1.870e+07    1.189e+03
   1.880e+07    1.187e+03
   1.890e+07    1.185e+03
   1.900e+07    1.183e+03
   1.910e+07    1.181e+03
   1.920e+07    1.179e+03
   1.930e+07    1.176e+03
   1.940e+07    1.174e+03
   1.950e+07    1.172e+03
   1.960e+07    1.170e+03
   1.970e+07    1.168e+03
   1.980e+07    1.165e+03
   1.990e+07    1.162e+03
   2.000e+07    1.159e+03
