   0.000e+00    0.000e+00
   1.000e+05    2.054e+01
   2.000e+05    3.940e+01
   3.000e+05    5.768e+01
   4.000e+05    7.558e+01
   5.000e+05    9.322e+01
   6.000e+05    1.107e+02
   7.000e+05    1.279e+02
   8.000e+05    1.450e+02
   9.000e+05    1.620e+02
   1.000e+06    1.789e+02
   1.100e+06    1.956e+02
   1.200e+06    2.123e+02
   1.300e+06    2.289e+02
   1.400e+06    2.454e+02
   1.500e+06    2.618e+02
   1.600e+06    2.782e+02
   1.700e+06    2.945e+02
   1.800e+06    3.108e+02
   1.900e+06    3.270e+02
   2.000e+06    3.431e+02
   2.100e+06    3.592e+02
   2.200e+06    3.753e+02
   2.300e+06    3.913e+02
   2.400e+06    4.073e+02
   2.500e+06    4.232e+02
   2.600e+06    4.391e+02
   2.700e+06    4.550e+02
   2.800e+06    4.708e+02
   2.900e+06    4.866e+02
   3.000e+06    5.023e+02
   3.100e+06    5.181e+02
   3.200e+06    5.338e+02
   3.300e+06    5.494e+02
   3.400e+06    5.651e+02
   3.500e+06    5.807e+02
   3.600e+06    5.962e+02
   3.700e+06    6.118e+02
   3.800e+06    6.273e+02
   3.900e+06    6.428e+02
   4.000e+06    6.583e+02
   4.100e+06    6.738e+02
   4.200e+06    6.892e+02
   4.300e+06    7.046e+02
   4.400e+06    7.200e+02
   4.500e+06    7.354e+02
   4.600e+06    7.507e+02
   4.700e+06    7.661e+02
   4.800e+06    8.021e+02
   4.900e+06    8.413e+02
   5.000e+06    8.807e+02
   5.100e+06    9.203e+02
   5.200e+06    9.600e+02
   5.300e+06    9.998e+02
   5.400e+06    1.040e+03
   5.500e+06    1.079e+03
   5.600e+06    1.119e+03
   5.700e+06    1.159e+03
   5.800e+06    1.199e+03
   5.900e+06    1.239e+03
   6.000e+06    1.278e+03
   6.100e+06    1.318e+03
   6.200e+06    1.358e+03
   6.300e+06    1.397e+03
   6.400e+06    1.437e+03
   6.500e+06    1.476e+03
   6.600e+06    1.515e+03
   6.700e+06    1.555e+03
   6.800e+06    1.594e+03
   6.900e+06    1.633e+03
   7.000e+06    1.673e+03
   7.100e+06    1.712e+03
   7.200e+06    1.751e+03
   7.300e+06    1.790e+03
   7.400e+06    1.830e+03
   7.500e+06    1.869e+03
   7.600e+06    1.908e+03
   7.700e+06    1.947e+03
   7.800e+06    1.986e+03
   7.900e+06    2.026e+03
   8.000e+06    2.065e+03
   8.100e+06    2.104e+03
   8.200e+06    2.143e+03
   8.300e+06    2.184e+03
   8.400e+06    2.228e+03
   8.500e+06    2.272e+03
   8.600e+06    2.316e+03
   8.700e+06    2.360e+03
   8.800e+06    2.404e+03
   8.900e+06    2.448e+03
   9.000e+06    2.492e+03
   9.100e+06    2.535e+03
   9.200e+06    2.579e+03
   9.300e+06    2.622e+03
   9.400e+06    2.666e+03
   9.500e+06    2.709e+03
   9.600e+06    2.752e+03
   9.700e+06    2.795e+03
   9.800e+06    2.837e+03
   9.900e+06    2.880e+03
   1.000e+07    2.922e+03
   1.010e+07    2.965e+03
   1.020e+07    3.007e+03
   1.030e+07    3.049e+03
   1.040e+07    3.090e+03
   1.050e+07    3.132e+03
   1.060e+07    3.173e+03
   1.070e+07    3.214e+03
   1.080e+07    3.255e+03
   1.090e+07    3.296e+03
   1.100e+07    3.336e+03
   1.110e+07    3.376e+03
   1.120e+07    3.416e+03
   1.130e+07    3.456e+03
   1.140e+07    3.495e+03
   1.150e+07    3.535e+03
   1.160e+07    3.574e+03
   1.170e+07    3.612e+03
   1.180e+07    3.651e+03
   1.190e+07    3.689e+03
   1.200e+07    3.727e+03
   1.210e+07    3.765e+03
   1.220e+07    3.802e+03
   1.230e+07    3.839e+03
   1.240e+07    3.876e+03
   1.250e+07    3.912e+03
   1.260e+07    3.947e+03
   1.270e+07    3.983e+03
   1.280e+07    4.018e+03
   1.290e+07    4.053e+03
   1.300e+07    4.087e+03
   1.310e+07    4.121e+03
   1.320e+07    4.155e+03
   1.330e+07    4.189e+03
   1.340e+07    4.223e+03
   1.350e+07    4.256e+03
   1.360e+07    4.289e+03
   1.370e+07    4.322e+03
   1.380e+07    4.354e+03
   1.390e+07    4.386e+03
   1.400e+07    4.418e+03
   1.410e+07    4.450e+03
   1.420e+07    4.481e+03
   1.430e+07    4.512e+03
   1.440e+07    4.543e+03
   1.450e+07    4.574e+03
   1.460e+07    4.604e+03
   1.470e+07    4.634e+03
   1.480e+07    4.664e+03
   1.490e+07    4.694e+03
   1.500e+07    4.723e+03
   1.510e+07    4.752e+03
   1.520e+07    4.781e+03
   1.530e+07    4.809e+03
   1.540e+07    4.838e+03
   1.550e+07    4.866e+03
   1.560e+07    4.894e+03
   1.570e+07    4.921e+03
   1.580e+07    4.948e+03
   1.590e+07    4.976e+03
   1.600e+07    5.002e+03
   1.610e+07    5.029e+03
   1.620e+07    5.055e+03
   1.630e+07    5.081e+03
   1.640e+07    5.107e+03
   1.650e+07    5.133e+03
   1.660e+07    5.158e+03
   1.670e+07    5.183e+03
   1.680e+07    5.208e+03
   1.690e+07    5.233e+03
   1.700e+07    5.257e+03
   1.710e+07    5.281e+03
   1.720e+07    5.305e+03
   1.730e+07    5.328e+03
   1.740e+07    5.351e+03
   1.750e+07    5.374e+03
   1.760e+07    5.396e+03
   1.770e+07    5.418e+03
   1.780e+07    5.440e+03
   1.790e+07    5.462e+03
   1.800e+07    5.484e+03
   1.810e+07    5.505e+03
   1.820e+07    5.527e+03
   1.830e+07    5.548e+03
   1.840e+07    5.569e+03
   1.850e+07    5.589e+03
   1.860e+07    5.610e+03
   1.870e+07    5.630e+03
   1.880e+07    5.650e+03
   1.890e+07    5.670e+03
   1.900e+07    5.689e+03
   1.910e+07    5.709e+03
   1.920e+07    5.728e+03
   1.930e+07    5.747e+03
   1.940e+07    5.766e+03
   1.950e+07    5.784e+03
   1.960e+07    5.803e+03
   1.970e+07    5.821e+03
   1.980e+07    5.839e+03
   1.990e+07    5.857e+03
   2.000e+07    5.875e+03
