   0.000e+00    0.000e+00
   1.000e+05    8.041e+00
   2.000e+05    1.543e+01
   3.000e+05    2.258e+01
   4.000e+05    2.960e+01
   5.000e+05    3.650e+01
   6.000e+05    4.333e+01
   7.000e+05    5.008e+01
   8.000e+05    5.678e+01
   9.000e+05    6.343e+01
   1.000e+06    7.003e+01
   1.100e+06    7.660e+01
   1.200e+06    8.313e+01
   1.300e+06    8.962e+01
   1.400e+06    9.609e+01
   1.500e+06    1.025e+02
   1.600e+06    1.089e+02
   1.700e+06    1.161e+02
   1.800e+06    1.250e+02
   1.900e+06    1.344e+02
   2.000e+06    1.441e+02
   2.100e+06    1.541e+02
   2.200e+06    1.645e+02
   2.300e+06    1.753e+02
   2.400e+06    1.863e+02
   2.500e+06    1.977e+02
   2.600e+06    2.093e+02
   2.700e+06    2.212e+02
   2.800e+06    2.333e+02
   2.900e+06    2.456e+02
   3.000e+06    2.580e+02
   3.100e+06    2.706e+02
   3.200e+06    2.823e+02
   3.300e+06    2.939e+02
   3.400e+06    3.055e+02
   3.500e+06    3.169e+02
   3.600e+06    3.286e+02
   3.700e+06    3.400e+02
   3.800e+06    3.508e+02
   3.900e+06    3.613e+02
   4.000e+06    3.715e+02
   4.100e+06    3.813e+02
   4.200e+06    3.906e+02
   4.300e+06    3.996e+02
   4.400e+06    4.090e+02
   4.500e+06    4.206e+02
   4.600e+06    4.321e+02
   4.700e+06    4.433e+02
   4.800e+06    4.544e+02
   4.900e+06    4.652e+02
   5.000e+06    4.757e+02
   5.100e+06    4.861e+02
   5.200e+06    4.962e+02
   5.300e+06    5.060e+02
   5.400e+06    5.157e+02
   5.500e+06    5.244e+02
   5.600e+06    5.328e+02
   5.700e+06    5.411e+02
   5.800e+06    5.492e+02
   5.900e+06    5.571e+02
   6.000e+06    5.649e+02
   6.100e+06    5.725e+02
   6.200e+06    5.799e+02
   6.300e+06    5.871e+02
   6.400e+06    5.941e+02
   6.500e+06    6.009e+02
   6.600e+06    6.077e+02
   6.700e+06    6.144e+02
   6.800e+06    6.210e+02
   6.900e+06    6.276e+02
   7.000e+06    6.341e+02
   7.100e+06    6.405e+02
   7.200e+06    6.468e+02
   7.300e+06    6.532e+02
   7.400e+06    6.594e+02
   7.500e+06    6.657e+02
   7.600e+06    6.719e+02
   7.700e+06    6.810e+02
   7.800e+06    6.900e+02
   7.900e+06    6.988e+02
   8.000e+06    7.076e+02
   8.100e+06    7.162e+02
   8.200e+06    7.248e+02
   8.300e+06    7.332e+02
   8.400e+06    7.416e+02
   8.500e+06    7.498e+02
   8.600e+06    7.580e+02
   8.700e+06    7.661e+02
   8.800e+06    7.742e+02
   8.900e+06    7.821e+02
   9.000e+06    7.900e+02
   9.100e+06    7.978e+02
   9.200e+06    8.055e+02
   9.300e+06    8.132e+02
   9.400e+06    8.208e+02
   9.500e+06    8.283e+02
   9.600e+06    8.358e+02
   9.700e+06    8.432e+02
   9.800e+06    8.499e+02
   9.900e+06    8.532e+02
   1.000e+07    8.564e+02
   1.010e+07    8.595e+02
   1.020e+07    8.627e+02
   1.030e+07    8.675e+02
   1.040e+07    8.721e+02
   1.050e+07    8.765e+02
   1.060e+07    8.808e+02
   1.070e+07    8.849e+02
   1.080e+07    8.888e+02
   1.090e+07    8.926e+02
   1.100e+07    8.962e+02
   1.110e+07    8.996e+02
   1.120e+07    9.029e+02
   1.130e+07    9.061e+02
   1.140e+07    9.091e+02
   1.150e+07    9.119e+02
   1.160e+07    9.146e+02
   1.170e+07    9.173e+02
   1.180e+07    9.199e+02
   1.190e+07    9.223e+02
   1.200e+07    9.246e+02
   1.210e+07    9.268e+02
   1.220e+07    9.288e+02
   1.230e+07    9.307e+02
   1.240e+07    9.324e+02
   1.250e+07    9.340e+02
   1.260e+07    9.355e+02
   1.270e+07    9.369e+02
   1.280e+07    9.382e+02
   1.290e+07    9.393e+02
   1.300e+07    9.403e+02
   1.310e+07    9.412e+02
   1.320e+07    9.419e+02
   1.330e+07    9.426e+02
   1.340e+07    9.429e+02
   1.350e+07    9.429e+02
   1.360e+07    9.427e+02
   1.370e+07    9.425e+02
   1.380e+07    9.422e+02
   1.390e+07    9.427e+02
   1.400e+07    9.438e+02
   1.410e+07    9.447e+02
   1.420e+07    9.456e+02
   1.430e+07    9.464e+02
   1.440e+07    9.471e+02
   1.450e+07    9.478e+02
   1.460e+07    9.484e+02
   1.470e+07    9.489e+02
   1.480e+07    9.494e+02
   1.490e+07    9.498e+02
   1.500e+07    9.501e+02
   1.510e+07    9.504e+02
   1.520e+07    9.506e+02
   1.530e+07    9.508e+02
   1.540e+07    9.509e+02
   1.550e+07    9.509e+02
   1.560e+07    9.509e+02
   1.570e+07    9.508e+02
   1.580e+07    9.507e+02
   1.590e+07    9.505e+02
   1.600e+07    9.503e+02
   1.610e+07    9.500e+02
   1.620e+07    9.496e+02
   1.630e+07    9.493e+02
   1.640e+07    9.488e+02
   1.650e+07    9.483e+02
   1.660e+07    9.478e+02
   1.670e+07    9.472e+02
   1.680e+07    9.466e+02
   1.690e+07    9.460e+02
   1.700e+07    9.452e+02
   1.710e+07    9.445e+02
   1.720e+07    9.437e+02
   1.730e+07    9.429e+02
   1.740e+07    9.414e+02
   1.750e+07    9.394e+02
   1.760e+07    9.375e+02
   1.770e+07    9.355e+02
   1.780e+07    9.335e+02
   1.790e+07    9.315e+02
   1.800e+07    9.295e+02
   1.810e+07    9.275e+02
   1.820e+07    9.255e+02
   1.830e+07    9.235e+02
   1.840e+07    9.215e+02
   1.850e+07    9.194e+02
   1.860e+07    9.174e+02
   1.870e+07    9.153e+02
   1.880e+07    9.133e+02
   1.890e+07    9.112e+02
   1.900e+07    9.092e+02
   1.910e+07    9.071e+02
   1.920e+07    9.050e+02
   1.930e+07    9.029e+02
   1.940e+07    9.009e+02
   1.950e+07    8.988e+02
   1.960e+07    8.969e+02
   1.970e+07    8.953e+02
   1.980e+07    8.937e+02
   1.990e+07    8.917e+02
   2.000e+07    8.897e+02
