   0.000e+00    0.000e+00
   5.000e+03    7.370e-01
   1.000e+04    1.414e+00
   1.500e+04    2.070e+00
   2.000e+04    2.713e+00
   2.500e+04    3.346e+00
   3.000e+04    3.971e+00
   3.500e+04    4.590e+00
   4.000e+04    5.204e+00
   4.500e+04    5.814e+00
   5.000e+04    6.419e+00
   5.500e+04    7.021e+00
   6.000e+04    7.619e+00
   6.500e+04    8.214e+00
   7.000e+04    8.807e+00
   7.500e+04    9.397e+00
   8.000e+04    9.985e+00
   8.500e+04    1.057e+01
   9.000e+04    1.115e+01
   9.500e+04    1.174e+01
   1.000e+05    1.231e+01
   1.050e+05    1.289e+01
   1.100e+05    1.347e+01
   1.150e+05    1.404e+01
   1.200e+05    1.462e+01
   1.250e+05    1.519e+01
   1.300e+05    1.576e+01
   1.350e+05    1.633e+01
   1.400e+05    1.690e+01
   1.450e+05    1.746e+01
   1.500e+05    1.803e+01
   1.550e+05    1.859e+01
   1.600e+05    1.916e+01
   1.650e+05    1.972e+01
   1.700e+05    2.028e+01
   1.750e+05    2.084e+01
   1.800e+05    2.140e+01
   1.850e+05    2.196e+01
   1.900e+05    2.251e+01
   1.950e+05    2.307e+01
   2.000e+05    2.363e+01
   2.050e+05    2.418e+01
   2.100e+05    2.474e+01
   2.150e+05    2.529e+01
   2.200e+05    2.584e+01
   2.250e+05    2.639e+01
   2.300e+05    2.694e+01
   2.350e+05    2.749e+01
   2.400e+05    2.804e+01
   2.450e+05    2.859e+01
   2.500e+05    2.914e+01
   2.550e+05    2.969e+01
   2.600e+05    3.023e+01
   2.650e+05    3.078e+01
   2.700e+05    3.133e+01
   2.750e+05    3.187e+01
   2.800e+05    3.242e+01
   2.850e+05    3.296e+01
   2.900e+05    3.350e+01
   2.950e+05    3.405e+01
   3.000e+05    3.459e+01
   3.050e+05    3.513e+01
   3.100e+05    3.567e+01
   3.150e+05    3.621e+01
   3.200e+05    3.675e+01
   3.250e+05    3.729e+01
   3.300e+05    3.783e+01
   3.350e+05    3.837e+01
   3.400e+05    3.891e+01
   3.450e+05    3.944e+01
   3.500e+05    3.998e+01
   3.550e+05    4.052e+01
   3.600e+05    4.105e+01
   3.650e+05    4.159e+01
   3.700e+05    4.213e+01
   3.750e+05    4.266e+01
   3.800e+05    4.319e+01
   3.850e+05    4.373e+01
   3.900e+05    4.426e+01
   3.950e+05    4.480e+01
   4.000e+05    4.533e+01
   4.050e+05    4.586e+01
   4.100e+05    4.639e+01
   4.150e+05    4.692e+01
   4.200e+05    4.746e+01
   4.250e+05    4.799e+01
   4.300e+05    4.852e+01
   4.350e+05    4.905e+01
   4.400e+05    4.958e+01
   4.450e+05    5.011e+01
   4.500e+05    5.064e+01
   4.550e+05    5.116e+01
   4.600e+05    5.169e+01
   4.650e+05    5.222e+01
   4.700e+05    5.275e+01
   4.750e+05    5.328e+01
   4.800e+05    5.380e+01
   4.850e+05    5.433e+01
   4.900e+05    5.486e+01
   4.950e+05    5.538e+01
   5.000e+05    5.591e+01
   5.050e+05    5.643e+01
   5.100e+05    5.696e+01
   5.150e+05    5.748e+01
   5.200e+05    5.801e+01
   5.250e+05    5.853e+01
   5.300e+05    5.905e+01
   5.350e+05    5.958e+01
   5.400e+05    6.010e+01
   5.450e+05    6.062e+01
   5.500e+05    6.115e+01
   5.550e+05    6.167e+01
   5.600e+05    6.219e+01
   5.650e+05    6.271e+01
   5.700e+05    6.323e+01
   5.750e+05    6.376e+01
   5.800e+05    6.428e+01
   5.850e+05    6.480e+01
   5.900e+05    6.532e+01
   5.950e+05    6.584e+01
   6.000e+05    6.636e+01
   6.050e+05    6.688e+01
   6.100e+05    6.740e+01
   6.150e+05    6.792e+01
   6.200e+05    6.844e+01
   6.250e+05    6.895e+01
   6.300e+05    6.947e+01
   6.350e+05    6.999e+01
   6.400e+05    7.051e+01
   6.450e+05    7.103e+01
   6.500e+05    7.154e+01
   6.550e+05    7.206e+01
   6.600e+05    7.258e+01
   6.650e+05    7.309e+01
   6.700e+05    7.361e+01
   6.750e+05    7.413e+01
   6.800e+05    7.464e+01
   6.850e+05    7.516e+01
   6.900e+05    7.568e+01
   6.950e+05    7.619e+01
   7.000e+05    7.671e+01
   7.050e+05    7.722e+01
   7.100e+05    7.774e+01
   7.150e+05    7.825e+01
   7.200e+05    7.876e+01
   7.250e+05    7.928e+01
   7.300e+05    7.979e+01
   7.350e+05    8.031e+01
   7.400e+05    8.082e+01
   7.450e+05    8.133e+01
   7.500e+05    8.184e+01
   7.550e+05    8.236e+01
   7.600e+05    8.287e+01
   7.650e+05    8.338e+01
   7.700e+05    8.389e+01
   7.750e+05    8.441e+01
   7.800e+05    8.492e+01
   7.850e+05    8.543e+01
   7.900e+05    8.594e+01
   7.950e+05    8.645e+01
   8.000e+05    8.696e+01
   8.050e+05    8.747e+01
   8.100e+05    8.799e+01
   8.150e+05    8.850e+01
   8.200e+05    8.901e+01
   8.250e+05    8.952e+01
   8.300e+05    9.003e+01
   8.350e+05    9.054e+01
   8.400e+05    9.105e+01
   8.450e+05    9.155e+01
   8.500e+05    9.206e+01
   8.550e+05    9.257e+01
   8.600e+05    9.308e+01
   8.650e+05    9.359e+01
   8.700e+05    9.410e+01
   8.750e+05    9.461e+01
   8.800e+05    9.511e+01
   8.850e+05    9.562e+01
   8.900e+05    9.613e+01
   8.950e+05    9.664e+01
   9.000e+05    9.715e+01
   9.050e+05    9.765e+01
   9.100e+05    9.816e+01
   9.150e+05    9.867e+01
   9.200e+05    9.917e+01
   9.250e+05    9.968e+01
   9.300e+05    1.002e+02
   9.350e+05    1.007e+02
   9.400e+05    1.012e+02
   9.450e+05    1.017e+02
   9.500e+05    1.022e+02
   9.550e+05    1.027e+02
   9.600e+05    1.032e+02
   9.650e+05    1.037e+02
   9.700e+05    1.042e+02
   9.750e+05    1.047e+02
   9.800e+05    1.052e+02
   9.850e+05    1.057e+02
   9.900e+05    1.063e+02
   9.950e+05    1.068e+02
   1.000e+06    1.073e+02
   1.005e+06    1.078e+02
   1.010e+06    1.083e+02
   1.015e+06    1.088e+02
   1.020e+06    1.093e+02
   1.025e+06    1.098e+02
   1.030e+06    1.103e+02
   1.035e+06    1.108e+02
   1.040e+06    1.113e+02
   1.045e+06    1.118e+02
   1.050e+06    1.123e+02
   1.055e+06    1.128e+02
   1.060e+06    1.133e+02
   1.065e+06    1.138e+02
   1.070e+06    1.143e+02
   1.075e+06    1.148e+02
   1.080e+06    1.153e+02
   1.085e+06    1.158e+02
   1.090e+06    1.163e+02
   1.095e+06    1.168e+02
   1.100e+06    1.173e+02
   1.105e+06    1.178e+02
   1.110e+06    1.183e+02
   1.115e+06    1.188e+02
   1.120e+06    1.193e+02
   1.125e+06    1.198e+02
   1.130e+06    1.203e+02
   1.135e+06    1.208e+02
   1.140e+06    1.213e+02
   1.145e+06    1.218e+02
   1.150e+06    1.223e+02
   1.155e+06    1.228e+02
   1.160e+06    1.233e+02
   1.165e+06    1.238e+02
   1.170e+06    1.243e+02
   1.175e+06    1.248e+02
   1.180e+06    1.253e+02
   1.185e+06    1.258e+02
   1.190e+06    1.263e+02
   1.195e+06    1.268e+02
   1.200e+06    1.273e+02
   1.205e+06    1.278e+02
   1.210e+06    1.283e+02
   1.215e+06    1.288e+02
   1.220e+06    1.293e+02
   1.225e+06    1.298e+02
   1.230e+06    1.303e+02
   1.235e+06    1.308e+02
   1.240e+06    1.313e+02
   1.245e+06    1.318e+02
   1.250e+06    1.323e+02
   1.255e+06    1.328e+02
   1.260e+06    1.333e+02
   1.265e+06    1.338e+02
   1.270e+06    1.343e+02
   1.275e+06    1.348e+02
   1.280e+06    1.353e+02
   1.285e+06    1.358e+02
   1.290e+06    1.363e+02
   1.295e+06    1.368e+02
   1.300e+06    1.373e+02
   1.305e+06    1.378e+02
   1.310e+06    1.383e+02
   1.315e+06    1.387e+02
   1.320e+06    1.392e+02
   1.325e+06    1.397e+02
   1.330e+06    1.402e+02
   1.335e+06    1.407e+02
   1.340e+06    1.412e+02
   1.345e+06    1.417e+02
   1.350e+06    1.422e+02
   1.355e+06    1.427e+02
   1.360e+06    1.432e+02
   1.365e+06    1.437e+02
   1.370e+06    1.442e+02
   1.375e+06    1.447e+02
   1.380e+06    1.452e+02
   1.385e+06    1.457e+02
   1.390e+06    1.462e+02
   1.395e+06    1.467e+02
   1.400e+06    1.472e+02
   1.405e+06    1.477e+02
   1.410e+06    1.481e+02
   1.415e+06    1.486e+02
   1.420e+06    1.491e+02
   1.425e+06    1.496e+02
   1.430e+06    1.501e+02
   1.435e+06    1.506e+02
   1.440e+06    1.511e+02
   1.445e+06    1.516e+02
   1.450e+06    1.521e+02
   1.455e+06    1.526e+02
   1.460e+06    1.531e+02
   1.465e+06    1.536e+02
   1.470e+06    1.541e+02
   1.475e+06    1.546e+02
   1.480e+06    1.551e+02
   1.485e+06    1.555e+02
   1.490e+06    1.560e+02
   1.495e+06    1.565e+02
   1.500e+06    1.570e+02
   1.505e+06    1.575e+02
   1.510e+06    1.580e+02
   1.515e+06    1.585e+02
   1.520e+06    1.590e+02
   1.525e+06    1.595e+02
   1.530e+06    1.600e+02
   1.535e+06    1.605e+02
   1.540e+06    1.610e+02
   1.545e+06    1.614e+02
   1.550e+06    1.619e+02
   1.555e+06    1.624e+02
   1.560e+06    1.629e+02
   1.565e+06    1.634e+02
   1.570e+06    1.639e+02
   1.575e+06    1.644e+02
   1.580e+06    1.649e+02
   1.585e+06    1.654e+02
   1.590e+06    1.659e+02
   1.595e+06    1.664e+02
   1.600e+06    1.668e+02
   1.605e+06    1.673e+02
   1.610e+06    1.678e+02
   1.615e+06    1.683e+02
   1.620e+06    1.688e+02
   1.625e+06    1.693e+02
   1.630e+06    1.698e+02
   1.635e+06    1.703e+02
   1.640e+06    1.708e+02
   1.645e+06    1.712e+02
   1.650e+06    1.717e+02
   1.655e+06    1.722e+02
   1.660e+06    1.727e+02
   1.665e+06    1.732e+02
   1.670e+06    1.737e+02
   1.675e+06    1.742e+02
   1.680e+06    1.747e+02
   1.685e+06    1.752e+02
   1.690e+06    1.756e+02
   1.695e+06    1.761e+02
   1.700e+06    1.766e+02
   1.705e+06    1.771e+02
   1.710e+06    1.776e+02
   1.715e+06    1.781e+02
   1.720e+06    1.786e+02
   1.725e+06    1.791e+02
   1.730e+06    1.796e+02
   1.735e+06    1.800e+02
   1.740e+06    1.805e+02
   1.745e+06    1.810e+02
   1.750e+06    1.815e+02
   1.755e+06    1.820e+02
   1.760e+06    1.825e+02
   1.765e+06    1.830e+02
   1.770e+06    1.835e+02
   1.775e+06    1.839e+02
   1.780e+06    1.844e+02
   1.785e+06    1.849e+02
   1.790e+06    1.854e+02
   1.795e+06    1.859e+02
   1.800e+06    1.864e+02
   1.805e+06    1.869e+02
   1.810e+06    1.873e+02
   1.815e+06    1.878e+02
   1.820e+06    1.883e+02
   1.825e+06    1.888e+02
   1.830e+06    1.893e+02
   1.835e+06    1.898e+02
   1.840e+06    1.903e+02
   1.845e+06    1.908e+02
   1.850e+06    1.912e+02
   1.855e+06    1.917e+02
   1.860e+06    1.922e+02
   1.865e+06    1.927e+02
   1.870e+06    1.932e+02
   1.875e+06    1.937e+02
   1.880e+06    1.942e+02
   1.885e+06    1.946e+02
   1.890e+06    1.951e+02
   1.895e+06    1.956e+02
   1.900e+06    1.961e+02
   1.905e+06    1.966e+02
   1.910e+06    1.971e+02
   1.915e+06    1.975e+02
   1.920e+06    1.980e+02
   1.925e+06    1.985e+02
   1.930e+06    1.990e+02
   1.935e+06    1.995e+02
   1.940e+06    2.000e+02
   1.945e+06    2.005e+02
   1.950e+06    2.009e+02
   1.955e+06    2.014e+02
   1.960e+06    2.019e+02
   1.965e+06    2.024e+02
   1.970e+06    2.029e+02
   1.975e+06    2.034e+02
   1.980e+06    2.038e+02
   1.985e+06    2.043e+02
   1.990e+06    2.048e+02
   1.995e+06    2.053e+02
   2.000e+06    2.058e+02
   2.005e+06    2.063e+02
   2.010e+06    2.067e+02
   2.015e+06    2.072e+02
   2.020e+06    2.077e+02
   2.025e+06    2.082e+02
   2.030e+06    2.087e+02
   2.035e+06    2.092e+02
   2.040e+06    2.096e+02
   2.045e+06    2.101e+02
   2.050e+06    2.106e+02
   2.055e+06    2.111e+02
   2.060e+06    2.116e+02
   2.065e+06    2.121e+02
   2.070e+06    2.125e+02
   2.075e+06    2.130e+02
   2.080e+06    2.135e+02
   2.085e+06    2.140e+02
   2.090e+06    2.145e+02
   2.095e+06    2.150e+02
   2.100e+06    2.154e+02
   2.105e+06    2.159e+02
   2.110e+06    2.166e+02
   2.115e+06    2.174e+02
   2.120e+06    2.181e+02
   2.125e+06    2.189e+02
   2.130e+06    2.197e+02
   2.135e+06    2.204e+02
   2.140e+06    2.211e+02
   2.145e+06    2.219e+02
   2.150e+06    2.226e+02
   2.155e+06    2.234e+02
   2.160e+06    2.241e+02
   2.165e+06    2.249e+02
   2.170e+06    2.256e+02
   2.175e+06    2.263e+02
   2.180e+06    2.271e+02
   2.185e+06    2.278e+02
   2.190e+06    2.285e+02
   2.195e+06    2.292e+02
   2.200e+06    2.300e+02
   2.205e+06    2.307e+02
   2.210e+06    2.314e+02
   2.215e+06    2.322e+02
   2.220e+06    2.329e+02
   2.225e+06    2.336e+02
   2.230e+06    2.343e+02
   2.235e+06    2.350e+02
   2.240e+06    2.358e+02
   2.245e+06    2.365e+02
   2.250e+06    2.372e+02
   2.255e+06    2.379e+02
   2.260e+06    2.386e+02
   2.265e+06    2.393e+02
   2.270e+06    2.401e+02
   2.275e+06    2.408e+02
   2.280e+06    2.415e+02
   2.285e+06    2.422e+02
   2.290e+06    2.429e+02
   2.295e+06    2.436e+02
   2.300e+06    2.443e+02
   2.305e+06    2.450e+02
   2.310e+06    2.457e+02
   2.315e+06    2.465e+02
   2.320e+06    2.472e+02
   2.325e+06    2.479e+02
   2.330e+06    2.486e+02
   2.335e+06    2.493e+02
   2.340e+06    2.500e+02
   2.345e+06    2.507e+02
   2.350e+06    2.514e+02
   2.355e+06    2.521e+02
   2.360e+06    2.528e+02
   2.365e+06    2.535e+02
   2.370e+06    2.542e+02
   2.375e+06    2.549e+02
   2.380e+06    2.556e+02
   2.385e+06    2.563e+02
   2.390e+06    2.570e+02
   2.395e+06    2.577e+02
   2.400e+06    2.584e+02
   2.405e+06    2.591e+02
   2.410e+06    2.599e+02
   2.415e+06    2.606e+02
   2.420e+06    2.613e+02
   2.425e+06    2.620e+02
   2.430e+06    2.627e+02
   2.435e+06    2.634e+02
   2.440e+06    2.641e+02
   2.445e+06    2.648e+02
   2.450e+06    2.655e+02
   2.455e+06    2.662e+02
   2.460e+06    2.669e+02
   2.465e+06    2.676e+02
   2.470e+06    2.683e+02
   2.475e+06    2.690e+02
   2.480e+06    2.697e+02
   2.485e+06    2.704e+02
   2.490e+06    2.712e+02
   2.495e+06    2.719e+02
   2.500e+06    2.726e+02
   2.505e+06    2.733e+02
   2.510e+06    2.740e+02
   2.515e+06    2.747e+02
   2.520e+06    2.754e+02
   2.525e+06    2.761e+02
   2.530e+06    2.768e+02
   2.535e+06    2.776e+02
   2.540e+06    2.783e+02
   2.545e+06    2.790e+02
   2.550e+06    2.797e+02
   2.555e+06    2.804e+02
   2.560e+06    2.811e+02
   2.565e+06    2.819e+02
   2.570e+06    2.826e+02
   2.575e+06    2.833e+02
   2.580e+06    2.840e+02
   2.585e+06    2.847e+02
   2.590e+06    2.855e+02
   2.595e+06    2.862e+02
   2.600e+06    2.869e+02
   2.605e+06    2.876e+02
   2.610e+06    2.884e+02
   2.615e+06    2.891e+02
   2.620e+06    2.898e+02
   2.625e+06    2.905e+02
   2.630e+06    2.913e+02
   2.635e+06    2.920e+02
   2.640e+06    2.927e+02
   2.645e+06    2.934e+02
   2.650e+06    2.942e+02
   2.655e+06    2.949e+02
   2.660e+06    2.956e+02
   2.665e+06    2.964e+02
   2.670e+06    2.971e+02
   2.675e+06    2.978e+02
   2.680e+06    2.986e+02
   2.685e+06    2.993e+02
   2.690e+06    3.001e+02
   2.695e+06    3.008e+02
   2.700e+06    3.015e+02
   2.705e+06    3.023e+02
   2.710e+06    3.030e+02
   2.715e+06    3.038e+02
   2.720e+06    3.045e+02
   2.725e+06    3.053e+02
   2.730e+06    3.060e+02
   2.735e+06    3.067e+02
   2.740e+06    3.075e+02
   2.745e+06    3.082e+02
   2.750e+06    3.090e+02
   2.755e+06    3.097e+02
   2.760e+06    3.105e+02
   2.765e+06    3.112e+02
   2.770e+06    3.120e+02
   2.775e+06    3.127e+02
   2.780e+06    3.135e+02
   2.785e+06    3.143e+02
   2.790e+06    3.150e+02
   2.795e+06    3.158e+02
   2.800e+06    3.165e+02
   2.805e+06    3.173e+02
   2.810e+06    3.181e+02
   2.815e+06    3.188e+02
   2.820e+06    3.196e+02
   2.825e+06    3.203e+02
   2.830e+06    3.211e+02
   2.835e+06    3.219e+02
   2.840e+06    3.226e+02
   2.845e+06    3.234e+02
   2.850e+06    3.242e+02
   2.855e+06    3.249e+02
   2.860e+06    3.257e+02
   2.865e+06    3.265e+02
   2.870e+06    3.272e+02
   2.875e+06    3.280e+02
   2.880e+06    3.288e+02
   2.885e+06    3.296e+02
   2.890e+06    3.303e+02
   2.895e+06    3.311e+02
   2.900e+06    3.319e+02
   2.905e+06    3.327e+02
   2.910e+06    3.334e+02
   2.915e+06    3.342e+02
   2.920e+06    3.350e+02
   2.925e+06    3.358e+02
   2.930e+06    3.366e+02
   2.935e+06    3.373e+02
   2.940e+06    3.381e+02
   2.945e+06    3.389e+02
   2.950e+06    3.397e+02
   2.955e+06    3.405e+02
   2.960e+06    3.412e+02
   2.965e+06    3.420e+02
   2.970e+06    3.428e+02
   2.975e+06    3.436e+02
   2.980e+06    3.444e+02
   2.985e+06    3.452e+02
   2.990e+06    3.460e+02
   2.995e+06    3.468e+02
   3.000e+06    3.476e+02
   3.005e+06    3.483e+02
   3.010e+06    3.491e+02
   3.015e+06    3.499e+02
   3.020e+06    3.507e+02
   3.025e+06    3.515e+02
   3.030e+06    3.523e+02
   3.035e+06    3.531e+02
   3.040e+06    3.539e+02
   3.045e+06    3.547e+02
   3.050e+06    3.555e+02
   3.055e+06    3.563e+02
   3.060e+06    3.571e+02
   3.065e+06    3.579e+02
   3.070e+06    3.587e+02
   3.075e+06    3.595e+02
   3.080e+06    3.603e+02
   3.085e+06    3.611e+02
   3.090e+06    3.619e+02
   3.095e+06    3.627e+02
   3.100e+06    3.635e+02
   3.105e+06    3.643e+02
   3.110e+06    3.651e+02
   3.115e+06    3.659e+02
   3.120e+06    3.668e+02
   3.125e+06    3.676e+02
   3.130e+06    3.684e+02
   3.135e+06    3.692e+02
   3.140e+06    3.700e+02
   3.145e+06    3.708e+02
   3.150e+06    3.717e+02
   3.155e+06    3.725e+02
   3.160e+06    3.733e+02
   3.165e+06    3.741e+02
   3.170e+06    3.749e+02
   3.175e+06    3.758e+02
   3.180e+06    3.766e+02
   3.185e+06    3.774e+02
   3.190e+06    3.782e+02
   3.195e+06    3.790e+02
   3.200e+06    3.799e+02
   3.205e+06    3.807e+02
   3.210e+06    3.815e+02
   3.215e+06    3.823e+02
   3.220e+06    3.832e+02
   3.225e+06    3.840e+02
   3.230e+06    3.848e+02
   3.235e+06    3.856e+02
   3.240e+06    3.865e+02
   3.245e+06    3.873e+02
   3.250e+06    3.881e+02
   3.255e+06    3.889e+02
   3.260e+06    3.898e+02
   3.265e+06    3.906e+02
   3.270e+06    3.914e+02
   3.275e+06    3.922e+02
   3.280e+06    3.931e+02
   3.285e+06    3.939e+02
   3.290e+06    3.947e+02
   3.295e+06    3.955e+02
   3.300e+06    3.964e+02
   3.305e+06    3.972e+02
   3.310e+06    3.980e+02
   3.315e+06    3.989e+02
   3.320e+06    3.997e+02
   3.325e+06    4.005e+02
   3.330e+06    4.014e+02
   3.335e+06    4.022e+02
   3.340e+06    4.030e+02
   3.345e+06    4.038e+02
   3.350e+06    4.047e+02
   3.355e+06    4.055e+02
   3.360e+06    4.063e+02
   3.365e+06    4.072e+02
   3.370e+06    4.080e+02
   3.375e+06    4.088e+02
   3.380e+06    4.097e+02
   3.385e+06    4.105e+02
   3.390e+06    4.113e+02
   3.395e+06    4.122e+02
   3.400e+06    4.130e+02
   3.405e+06    4.138e+02
   3.410e+06    4.147e+02
   3.415e+06    4.155e+02
   3.420e+06    4.163e+02
   3.425e+06    4.171e+02
   3.430e+06    4.180e+02
   3.435e+06    4.188e+02
   3.440e+06    4.196e+02
   3.445e+06    4.205e+02
   3.450e+06    4.213e+02
   3.455e+06    4.221e+02
   3.460e+06    4.230e+02
   3.465e+06    4.238e+02
   3.470e+06    4.246e+02
   3.475e+06    4.255e+02
   3.480e+06    4.263e+02
   3.485e+06    4.271e+02
   3.490e+06    4.280e+02
   3.495e+06    4.288e+02
   3.500e+06    4.296e+02
   3.505e+06    4.305e+02
   3.510e+06    4.313e+02
   3.515e+06    4.321e+02
   3.520e+06    4.330e+02
   3.525e+06    4.338e+02
   3.530e+06    4.346e+02
   3.535e+06    4.355e+02
   3.540e+06    4.363e+02
   3.545e+06    4.371e+02
   3.550e+06    4.380e+02
   3.555e+06    4.388e+02
   3.560e+06    4.396e+02
   3.565e+06    4.404e+02
   3.570e+06    4.413e+02
   3.575e+06    4.421e+02
   3.580e+06    4.429e+02
   3.585e+06    4.438e+02
   3.590e+06    4.446e+02
   3.595e+06    4.454e+02
   3.600e+06    4.463e+02
   3.605e+06    4.471e+02
   3.610e+06    4.479e+02
   3.615e+06    4.487e+02
   3.620e+06    4.496e+02
   3.625e+06    4.504e+02
   3.630e+06    4.512e+02
   3.635e+06    4.521e+02
   3.640e+06    4.529e+02
   3.645e+06    4.537e+02
   3.650e+06    4.545e+02
   3.655e+06    4.554e+02
   3.660e+06    4.562e+02
   3.665e+06    4.571e+02
   3.670e+06    4.579e+02
   3.675e+06    4.588e+02
   3.680e+06    4.597e+02
   3.685e+06    4.605e+02
   3.690e+06    4.614e+02
   3.695e+06    4.623e+02
   3.700e+06    4.632e+02
   3.705e+06    4.640e+02
   3.710e+06    4.649e+02
   3.715e+06    4.658e+02
   3.720e+06    4.666e+02
   3.725e+06    4.675e+02
   3.730e+06    4.684e+02
   3.735e+06    4.692e+02
   3.740e+06    4.701e+02
   3.745e+06    4.710e+02
   3.750e+06    4.719e+02
   3.755e+06    4.727e+02
   3.760e+06    4.736e+02
   3.765e+06    4.745e+02
   3.770e+06    4.753e+02
   3.775e+06    4.762e+02
   3.780e+06    4.771e+02
   3.785e+06    4.779e+02
   3.790e+06    4.788e+02
   3.795e+06    4.797e+02
   3.800e+06    4.805e+02
   3.805e+06    4.814e+02
   3.810e+06    4.823e+02
   3.815e+06    4.832e+02
   3.820e+06    4.840e+02
   3.825e+06    4.849e+02
   3.830e+06    4.858e+02
   3.835e+06    4.866e+02
   3.840e+06    4.875e+02
   3.845e+06    4.884e+02
   3.850e+06    4.892e+02
   3.855e+06    4.901e+02
   3.860e+06    4.910e+02
   3.865e+06    4.918e+02
   3.870e+06    4.927e+02
   3.875e+06    4.936e+02
   3.880e+06    4.944e+02
   3.885e+06    4.953e+02
   3.890e+06    4.961e+02
   3.895e+06    4.970e+02
   3.900e+06    4.979e+02
   3.905e+06    4.987e+02
   3.910e+06    4.996e+02
   3.915e+06    5.005e+02
   3.920e+06    5.013e+02
   3.925e+06    5.022e+02
   3.930e+06    5.031e+02
   3.935e+06    5.039e+02
   3.940e+06    5.048e+02
   3.945e+06    5.056e+02
   3.950e+06    5.065e+02
   3.955e+06    5.074e+02
   3.960e+06    5.082e+02
   3.965e+06    5.091e+02
   3.970e+06    5.100e+02
   3.975e+06    5.108e+02
   3.980e+06    5.117e+02
   3.985e+06    5.125e+02
   3.990e+06    5.134e+02
   3.995e+06    5.143e+02
   4.000e+06    5.151e+02
   4.005e+06    5.160e+02
   4.010e+06    5.168e+02
   4.015e+06    5.177e+02
   4.020e+06    5.186e+02
   4.025e+06    5.197e+02
   4.030e+06    5.208e+02
   4.035e+06    5.219e+02
   4.040e+06    5.230e+02
   4.045e+06    5.241e+02
   4.050e+06    5.252e+02
   4.055e+06    5.263e+02
   4.060e+06    5.274e+02
   4.065e+06    5.285e+02
   4.070e+06    5.296e+02
   4.075e+06    5.307e+02
   4.080e+06    5.318e+02
   4.085e+06    5.329e+02
   4.090e+06    5.340e+02
   4.095e+06    5.351e+02
   4.100e+06    5.362e+02
   4.105e+06    5.373e+02
   4.110e+06    5.384e+02
   4.115e+06    5.395e+02
   4.120e+06    5.405e+02
   4.125e+06    5.416e+02
   4.130e+06    5.427e+02
   4.135e+06    5.438e+02
   4.140e+06    5.449e+02
   4.145e+06    5.460e+02
   4.150e+06    5.471e+02
   4.155e+06    5.482e+02
   4.160e+06    5.493e+02
   4.165e+06    5.504e+02
   4.170e+06    5.515e+02
   4.175e+06    5.526e+02
   4.180e+06    5.537e+02
   4.185e+06    5.548e+02
   4.190e+06    5.559e+02
   4.195e+06    5.570e+02
   4.200e+06    5.581e+02
   4.205e+06    5.592e+02
   4.210e+06    5.603e+02
   4.215e+06    5.613e+02
   4.220e+06    5.624e+02
   4.225e+06    5.635e+02
   4.230e+06    5.646e+02
   4.235e+06    5.657e+02
   4.240e+06    5.668e+02
   4.245e+06    5.679e+02
   4.250e+06    5.690e+02
   4.255e+06    5.701e+02
   4.260e+06    5.712e+02
   4.265e+06    5.722e+02
   4.270e+06    5.733e+02
   4.275e+06    5.744e+02
   4.280e+06    5.755e+02
   4.285e+06    5.766e+02
   4.290e+06    5.777e+02
   4.295e+06    5.788e+02
   4.300e+06    5.798e+02
   4.305e+06    5.809e+02
   4.310e+06    5.820e+02
   4.315e+06    5.831e+02
   4.320e+06    5.842e+02
   4.325e+06    5.853e+02
   4.330e+06    5.863e+02
   4.335e+06    5.874e+02
   4.340e+06    5.885e+02
   4.345e+06    5.896e+02
   4.350e+06    5.907e+02
   4.355e+06    5.917e+02
   4.360e+06    5.928e+02
   4.365e+06    5.939e+02
   4.370e+06    5.950e+02
   4.375e+06    5.961e+02
   4.380e+06    5.971e+02
   4.385e+06    5.981e+02
   4.390e+06    5.992e+02
   4.395e+06    6.002e+02
   4.400e+06    6.012e+02
   4.405e+06    6.023e+02
   4.410e+06    6.033e+02
   4.415e+06    6.043e+02
   4.420e+06    6.054e+02
   4.425e+06    6.064e+02
   4.430e+06    6.074e+02
   4.435e+06    6.084e+02
   4.440e+06    6.095e+02
   4.445e+06    6.105e+02
   4.450e+06    6.115e+02
   4.455e+06    6.126e+02
   4.460e+06    6.136e+02
   4.465e+06    6.146e+02
   4.470e+06    6.156e+02
   4.475e+06    6.167e+02
   4.480e+06    6.177e+02
   4.485e+06    6.187e+02
   4.490e+06    6.197e+02
   4.495e+06    6.207e+02
   4.500e+06    6.218e+02
   4.505e+06    6.228e+02
   4.510e+06    6.238e+02
   4.515e+06    6.248e+02
   4.520e+06    6.258e+02
   4.525e+06    6.268e+02
   4.530e+06    6.279e+02
   4.535e+06    6.289e+02
   4.540e+06    6.299e+02
   4.545e+06    6.309e+02
   4.550e+06    6.319e+02
   4.555e+06    6.329e+02
   4.560e+06    6.339e+02
   4.565e+06    6.349e+02
   4.570e+06    6.359e+02
   4.575e+06    6.369e+02
   4.580e+06    6.380e+02
   4.585e+06    6.390e+02
   4.590e+06    6.400e+02
   4.595e+06    6.410e+02
   4.600e+06    6.420e+02
   4.605e+06    6.430e+02
   4.610e+06    6.440e+02
   4.615e+06    6.450e+02
   4.620e+06    6.460e+02
   4.625e+06    6.470e+02
   4.630e+06    6.480e+02
   4.635e+06    6.490e+02
   4.640e+06    6.500e+02
   4.645e+06    6.510e+02
   4.650e+06    6.520e+02
   4.655e+06    6.529e+02
   4.660e+06    6.539e+02
   4.665e+06    6.549e+02
   4.670e+06    6.559e+02
   4.675e+06    6.569e+02
   4.680e+06    6.579e+02
   4.685e+06    6.589e+02
   4.690e+06    6.599e+02
   4.695e+06    6.609e+02
   4.700e+06    6.619e+02
   4.705e+06    6.628e+02
   4.710e+06    6.638e+02
   4.715e+06    6.648e+02
   4.720e+06    6.658e+02
   4.725e+06    6.668e+02
   4.730e+06    6.678e+02
   4.735e+06    6.687e+02
   4.740e+06    6.697e+02
   4.745e+06    6.707e+02
   4.750e+06    6.717e+02
   4.755e+06    6.727e+02
   4.760e+06    6.736e+02
   4.765e+06    6.746e+02
   4.770e+06    6.756e+02
   4.775e+06    6.766e+02
   4.780e+06    6.775e+02
   4.785e+06    6.785e+02
   4.790e+06    6.795e+02
   4.795e+06    6.804e+02
   4.800e+06    6.814e+02
   4.805e+06    6.824e+02
   4.810e+06    6.833e+02
   4.815e+06    6.843e+02
   4.820e+06    6.853e+02
   4.825e+06    6.862e+02
   4.830e+06    6.872e+02
   4.835e+06    6.882e+02
   4.840e+06    6.891e+02
   4.845e+06    6.901e+02
   4.850e+06    6.910e+02
   4.855e+06    6.920e+02
   4.860e+06    6.930e+02
   4.865e+06    6.939e+02
   4.870e+06    6.949e+02
   4.875e+06    6.958e+02
   4.880e+06    6.968e+02
   4.885e+06    6.977e+02
   4.890e+06    6.987e+02
   4.895e+06    6.996e+02
   4.900e+06    7.006e+02
   4.905e+06    7.015e+02
   4.910e+06    7.025e+02
   4.915e+06    7.034e+02
   4.920e+06    7.044e+02
   4.925e+06    7.053e+02
   4.930e+06    7.063e+02
   4.935e+06    7.072e+02
   4.940e+06    7.082e+02
   4.945e+06    7.091e+02
   4.950e+06    7.101e+02
   4.955e+06    7.110e+02
   4.960e+06    7.119e+02
   4.965e+06    7.129e+02
   4.970e+06    7.138e+02
   4.975e+06    7.147e+02
   4.980e+06    7.157e+02
   4.985e+06    7.166e+02
   4.990e+06    7.175e+02
   4.995e+06    7.185e+02
   5.000e+06    7.194e+02
   5.005e+06    7.203e+02
   5.010e+06    7.213e+02
   5.015e+06    7.222e+02
   5.020e+06    7.231e+02
   5.025e+06    7.241e+02
   5.030e+06    7.250e+02
   5.035e+06    7.259e+02
   5.040e+06    7.268e+02
   5.045e+06    7.278e+02
   5.050e+06    7.287e+02
   5.055e+06    7.296e+02
   5.060e+06    7.305e+02
   5.065e+06    7.314e+02
   5.070e+06    7.324e+02
   5.075e+06    7.333e+02
   5.080e+06    7.342e+02
   5.085e+06    7.351e+02
   5.090e+06    7.360e+02
   5.095e+06    7.369e+02
   5.100e+06    7.379e+02
   5.105e+06    7.388e+02
   5.110e+06    7.397e+02
   5.115e+06    7.406e+02
   5.120e+06    7.415e+02
   5.125e+06    7.424e+02
   5.130e+06    7.433e+02
   5.135e+06    7.442e+02
   5.140e+06    7.451e+02
   5.145e+06    7.460e+02
   5.150e+06    7.469e+02
   5.155e+06    7.478e+02
   5.160e+06    7.487e+02
   5.165e+06    7.496e+02
   5.170e+06    7.505e+02
   5.175e+06    7.514e+02
   5.180e+06    7.523e+02
   5.185e+06    7.532e+02
   5.190e+06    7.541e+02
   5.195e+06    7.550e+02
   5.200e+06    7.559e+02
   5.205e+06    7.568e+02
   5.210e+06    7.577e+02
   5.215e+06    7.586e+02
   5.220e+06    7.595e+02
   5.225e+06    7.604e+02
   5.230e+06    7.613e+02
   5.235e+06    7.621e+02
   5.240e+06    7.630e+02
   5.245e+06    7.639e+02
   5.250e+06    7.648e+02
   5.255e+06    7.657e+02
   5.260e+06    7.666e+02
   5.265e+06    7.674e+02
   5.270e+06    7.683e+02
   5.275e+06    7.692e+02
   5.280e+06    7.701e+02
   5.285e+06    7.710e+02
   5.290e+06    7.718e+02
   5.295e+06    7.727e+02
   5.300e+06    7.736e+02
   5.305e+06    7.745e+02
   5.310e+06    7.753e+02
   5.315e+06    7.762e+02
   5.320e+06    7.771e+02
   5.325e+06    7.779e+02
   5.330e+06    7.788e+02
   5.335e+06    7.797e+02
   5.340e+06    7.805e+02
   5.345e+06    7.814e+02
   5.350e+06    7.823e+02
   5.355e+06    7.831e+02
   5.360e+06    7.840e+02
   5.365e+06    7.849e+02
   5.370e+06    7.857e+02
   5.375e+06    7.866e+02
   5.380e+06    7.874e+02
   5.385e+06    7.883e+02
   5.390e+06    7.892e+02
   5.395e+06    7.900e+02
   5.400e+06    7.909e+02
   5.405e+06    7.917e+02
   5.410e+06    7.926e+02
   5.415e+06    7.934e+02
   5.420e+06    7.943e+02
   5.425e+06    7.951e+02
   5.430e+06    7.960e+02
   5.435e+06    7.968e+02
   5.440e+06    7.977e+02
   5.445e+06    7.985e+02
   5.450e+06    7.994e+02
   5.455e+06    8.002e+02
   5.460e+06    8.010e+02
   5.465e+06    8.019e+02
   5.470e+06    8.027e+02
   5.475e+06    8.036e+02
   5.480e+06    8.044e+02
   5.485e+06    8.052e+02
   5.490e+06    8.061e+02
   5.495e+06    8.069e+02
   5.500e+06    8.077e+02
   5.505e+06    8.086e+02
   5.510e+06    8.094e+02
   5.515e+06    8.102e+02
   5.520e+06    8.111e+02
   5.525e+06    8.119e+02
   5.530e+06    8.127e+02
   5.535e+06    8.136e+02
   5.540e+06    8.144e+02
   5.545e+06    8.152e+02
   5.550e+06    8.160e+02
   5.555e+06    8.169e+02
   5.560e+06    8.177e+02
   5.565e+06    8.185e+02
   5.570e+06    8.193e+02
   5.575e+06    8.202e+02
   5.580e+06    8.210e+02
   5.585e+06    8.218e+02
   5.590e+06    8.226e+02
   5.595e+06    8.234e+02
   5.600e+06    8.242e+02
   5.605e+06    8.251e+02
   5.610e+06    8.259e+02
   5.615e+06    8.267e+02
   5.620e+06    8.275e+02
   5.625e+06    8.283e+02
   5.630e+06    8.291e+02
   5.635e+06    8.299e+02
   5.640e+06    8.307e+02
   5.645e+06    8.315e+02
   5.650e+06    8.323e+02
   5.655e+06    8.331e+02
   5.660e+06    8.339e+02
   5.665e+06    8.347e+02
   5.670e+06    8.355e+02
   5.675e+06    8.363e+02
   5.680e+06    8.371e+02
   5.685e+06    8.379e+02
   5.690e+06    8.387e+02
   5.695e+06    8.395e+02
   5.700e+06    8.403e+02
   5.705e+06    8.411e+02
   5.710e+06    8.419e+02
   5.715e+06    8.427e+02
   5.720e+06    8.435e+02
   5.725e+06    8.443e+02
   5.730e+06    8.451e+02
   5.735e+06    8.459e+02
   5.740e+06    8.467e+02
   5.745e+06    8.474e+02
   5.750e+06    8.482e+02
   5.755e+06    8.490e+02
   5.760e+06    8.498e+02
   5.765e+06    8.506e+02
   5.770e+06    8.514e+02
   5.775e+06    8.521e+02
   5.780e+06    8.529e+02
   5.785e+06    8.537e+02
   5.790e+06    8.545e+02
   5.795e+06    8.553e+02
   5.800e+06    8.560e+02
   5.805e+06    8.568e+02
   5.810e+06    8.576e+02
   5.815e+06    8.584e+02
   5.820e+06    8.591e+02
   5.825e+06    8.599e+02
   5.830e+06    8.607e+02
   5.835e+06    8.614e+02
   5.840e+06    8.622e+02
   5.845e+06    8.630e+02
   5.850e+06    8.637e+02
   5.855e+06    8.645e+02
   5.860e+06    8.653e+02
   5.865e+06    8.660e+02
   5.870e+06    8.668e+02
   5.875e+06    8.676e+02
   5.880e+06    8.683e+02
   5.885e+06    8.691e+02
   5.890e+06    8.698e+02
   5.895e+06    8.706e+02
   5.900e+06    8.713e+02
   5.905e+06    8.721e+02
   5.910e+06    8.729e+02
   5.915e+06    8.736e+02
   5.920e+06    8.744e+02
   5.925e+06    8.751e+02
   5.930e+06    8.759e+02
   5.935e+06    8.766e+02
   5.940e+06    8.774e+02
   5.945e+06    8.781e+02
   5.950e+06    8.789e+02
   5.955e+06    8.796e+02
   5.960e+06    8.803e+02
   5.965e+06    8.811e+02
   5.970e+06    8.818e+02
   5.975e+06    8.826e+02
   5.980e+06    8.833e+02
   5.985e+06    8.841e+02
   5.990e+06    8.848e+02
   5.995e+06    8.855e+02
   6.000e+06    8.863e+02
   6.005e+06    8.870e+02
   6.010e+06    8.877e+02
   6.015e+06    8.885e+02
   6.020e+06    8.892e+02
   6.025e+06    8.899e+02
   6.030e+06    8.907e+02
   6.035e+06    8.914e+02
   6.040e+06    8.921e+02
   6.045e+06    8.929e+02
   6.050e+06    8.936e+02
   6.055e+06    8.943e+02
   6.060e+06    8.950e+02
   6.065e+06    8.958e+02
   6.070e+06    8.965e+02
   6.075e+06    8.972e+02
   6.080e+06    8.979e+02
   6.085e+06    8.987e+02
   6.090e+06    8.994e+02
   6.095e+06    9.001e+02
   6.100e+06    9.008e+02
   6.105e+06    9.015e+02
   6.110e+06    9.022e+02
   6.115e+06    9.030e+02
   6.120e+06    9.038e+02
   6.125e+06    9.047e+02
   6.130e+06    9.056e+02
   6.135e+06    9.065e+02
   6.140e+06    9.074e+02
   6.145e+06    9.083e+02
   6.150e+06    9.092e+02
   6.155e+06    9.100e+02
   6.160e+06    9.109e+02
   6.165e+06    9.118e+02
   6.170e+06    9.127e+02
   6.175e+06    9.135e+02
   6.180e+06    9.144e+02
   6.185e+06    9.153e+02
   6.190e+06    9.162e+02
   6.195e+06    9.172e+02
   6.200e+06    9.181e+02
   6.205e+06    9.191e+02
   6.210e+06    9.201e+02
   6.215e+06    9.210e+02
   6.220e+06    9.220e+02
   6.225e+06    9.229e+02
   6.230e+06    9.239e+02
   6.235e+06    9.249e+02
   6.240e+06    9.258e+02
   6.245e+06    9.268e+02
   6.250e+06    9.277e+02
   6.255e+06    9.287e+02
   6.260e+06    9.296e+02
   6.265e+06    9.306e+02
   6.270e+06    9.315e+02
   6.275e+06    9.325e+02
   6.280e+06    9.334e+02
   6.285e+06    9.344e+02
   6.290e+06    9.353e+02
   6.295e+06    9.363e+02
   6.300e+06    9.372e+02
   6.305e+06    9.382e+02
   6.310e+06    9.391e+02
   6.315e+06    9.400e+02
   6.320e+06    9.410e+02
   6.325e+06    9.419e+02
   6.330e+06    9.429e+02
   6.335e+06    9.438e+02
   6.340e+06    9.447e+02
   6.345e+06    9.457e+02
   6.350e+06    9.466e+02
   6.355e+06    9.475e+02
   6.360e+06    9.485e+02
   6.365e+06    9.494e+02
   6.370e+06    9.503e+02
   6.375e+06    9.513e+02
   6.380e+06    9.522e+02
   6.385e+06    9.531e+02
   6.390e+06    9.541e+02
   6.395e+06    9.550e+02
   6.400e+06    9.559e+02
   6.405e+06    9.569e+02
   6.410e+06    9.578e+02
   6.415e+06    9.587e+02
   6.420e+06    9.596e+02
   6.425e+06    9.606e+02
   6.430e+06    9.615e+02
   6.435e+06    9.624e+02
   6.440e+06    9.633e+02
   6.445e+06    9.642e+02
   6.450e+06    9.652e+02
   6.455e+06    9.661e+02
   6.460e+06    9.670e+02
   6.465e+06    9.679e+02
   6.470e+06    9.688e+02
   6.475e+06    9.697e+02
   6.480e+06    9.706e+02
   6.485e+06    9.716e+02
   6.490e+06    9.725e+02
   6.495e+06    9.734e+02
   6.500e+06    9.743e+02
   6.505e+06    9.752e+02
   6.510e+06    9.761e+02
   6.515e+06    9.770e+02
   6.520e+06    9.779e+02
   6.525e+06    9.788e+02
   6.530e+06    9.797e+02
   6.535e+06    9.806e+02
   6.540e+06    9.815e+02
   6.545e+06    9.824e+02
   6.550e+06    9.833e+02
   6.555e+06    9.842e+02
   6.560e+06    9.851e+02
   6.565e+06    9.860e+02
   6.570e+06    9.869e+02
   6.575e+06    9.878e+02
   6.580e+06    9.887e+02
   6.585e+06    9.896e+02
   6.590e+06    9.905e+02
   6.595e+06    9.914e+02
   6.600e+06    9.923e+02
   6.605e+06    9.932e+02
   6.610e+06    9.941e+02
   6.615e+06    9.950e+02
   6.620e+06    9.959e+02
   6.625e+06    9.968e+02
   6.630e+06    9.976e+02
   6.635e+06    9.985e+02
   6.640e+06    9.994e+02
   6.645e+06    1.000e+03
   6.650e+06    1.001e+03
   6.655e+06    1.002e+03
   6.660e+06    1.003e+03
   6.665e+06    1.004e+03
   6.670e+06    1.005e+03
   6.675e+06    1.006e+03
   6.680e+06    1.006e+03
   6.685e+06    1.007e+03
   6.690e+06    1.008e+03
   6.695e+06    1.009e+03
   6.700e+06    1.010e+03
   6.705e+06    1.011e+03
   6.710e+06    1.012e+03
   6.715e+06    1.013e+03
   6.720e+06    1.013e+03
   6.725e+06    1.014e+03
   6.730e+06    1.015e+03
   6.735e+06    1.016e+03
   6.740e+06    1.017e+03
   6.745e+06    1.018e+03
   6.750e+06    1.019e+03
   6.755e+06    1.020e+03
   6.760e+06    1.020e+03
   6.765e+06    1.021e+03
   6.770e+06    1.022e+03
   6.775e+06    1.023e+03
   6.780e+06    1.024e+03
   6.785e+06    1.025e+03
   6.790e+06    1.026e+03
   6.795e+06    1.026e+03
   6.800e+06    1.027e+03
   6.805e+06    1.028e+03
   6.810e+06    1.029e+03
   6.815e+06    1.030e+03
   6.820e+06    1.031e+03
   6.825e+06    1.032e+03
   6.830e+06    1.032e+03
   6.835e+06    1.033e+03
   6.840e+06    1.034e+03
   6.845e+06    1.035e+03
   6.850e+06    1.036e+03
   6.855e+06    1.037e+03
   6.860e+06    1.038e+03
   6.865e+06    1.038e+03
   6.870e+06    1.039e+03
   6.875e+06    1.040e+03
   6.880e+06    1.041e+03
   6.885e+06    1.042e+03
   6.890e+06    1.043e+03
   6.895e+06    1.043e+03
   6.900e+06    1.044e+03
   6.905e+06    1.045e+03
   6.910e+06    1.046e+03
   6.915e+06    1.047e+03
   6.920e+06    1.048e+03
   6.925e+06    1.048e+03
   6.930e+06    1.049e+03
   6.935e+06    1.050e+03
   6.940e+06    1.051e+03
   6.945e+06    1.052e+03
   6.950e+06    1.053e+03
   6.955e+06    1.053e+03
   6.960e+06    1.054e+03
   6.965e+06    1.055e+03
   6.970e+06    1.056e+03
   6.975e+06    1.057e+03
   6.980e+06    1.058e+03
   6.985e+06    1.058e+03
   6.990e+06    1.059e+03
   6.995e+06    1.060e+03
   7.000e+06    1.061e+03
   7.005e+06    1.062e+03
   7.010e+06    1.063e+03
   7.015e+06    1.063e+03
   7.020e+06    1.064e+03
   7.025e+06    1.065e+03
   7.030e+06    1.066e+03
   7.035e+06    1.067e+03
   7.040e+06    1.067e+03
   7.045e+06    1.068e+03
   7.050e+06    1.069e+03
   7.055e+06    1.070e+03
   7.060e+06    1.071e+03
   7.065e+06    1.072e+03
   7.070e+06    1.072e+03
   7.075e+06    1.073e+03
   7.080e+06    1.074e+03
   7.085e+06    1.075e+03
   7.090e+06    1.076e+03
   7.095e+06    1.076e+03
   7.100e+06    1.077e+03
   7.105e+06    1.078e+03
   7.110e+06    1.079e+03
   7.115e+06    1.080e+03
   7.120e+06    1.080e+03
   7.125e+06    1.081e+03
   7.130e+06    1.082e+03
   7.135e+06    1.083e+03
   7.140e+06    1.084e+03
   7.145e+06    1.084e+03
   7.150e+06    1.085e+03
   7.155e+06    1.086e+03
   7.160e+06    1.087e+03
   7.165e+06    1.088e+03
   7.170e+06    1.088e+03
   7.175e+06    1.089e+03
   7.180e+06    1.090e+03
   7.185e+06    1.091e+03
   7.190e+06    1.092e+03
   7.195e+06    1.092e+03
   7.200e+06    1.093e+03
   7.205e+06    1.094e+03
   7.210e+06    1.095e+03
   7.215e+06    1.096e+03
   7.220e+06    1.096e+03
   7.225e+06    1.097e+03
   7.230e+06    1.098e+03
   7.235e+06    1.099e+03
   7.240e+06    1.099e+03
   7.245e+06    1.100e+03
   7.250e+06    1.101e+03
   7.255e+06    1.102e+03
   7.260e+06    1.103e+03
   7.265e+06    1.103e+03
   7.270e+06    1.104e+03
   7.275e+06    1.105e+03
   7.280e+06    1.106e+03
   7.285e+06    1.106e+03
   7.290e+06    1.107e+03
   7.295e+06    1.108e+03
   7.300e+06    1.109e+03
   7.305e+06    1.110e+03
   7.310e+06    1.110e+03
   7.315e+06    1.111e+03
   7.320e+06    1.112e+03
   7.325e+06    1.113e+03
   7.330e+06    1.113e+03
   7.335e+06    1.114e+03
   7.340e+06    1.115e+03
   7.345e+06    1.116e+03
   7.350e+06    1.116e+03
   7.355e+06    1.117e+03
   7.360e+06    1.118e+03
   7.365e+06    1.119e+03
   7.370e+06    1.120e+03
   7.375e+06    1.120e+03
   7.380e+06    1.121e+03
   7.385e+06    1.122e+03
   7.390e+06    1.123e+03
   7.395e+06    1.123e+03
   7.400e+06    1.124e+03
   7.405e+06    1.125e+03
   7.410e+06    1.126e+03
   7.415e+06    1.126e+03
   7.420e+06    1.127e+03
   7.425e+06    1.128e+03
   7.430e+06    1.129e+03
   7.435e+06    1.129e+03
   7.440e+06    1.130e+03
   7.445e+06    1.131e+03
   7.450e+06    1.132e+03
   7.455e+06    1.132e+03
   7.460e+06    1.133e+03
   7.465e+06    1.134e+03
   7.470e+06    1.135e+03
   7.475e+06    1.135e+03
   7.480e+06    1.136e+03
   7.485e+06    1.137e+03
   7.490e+06    1.138e+03
   7.495e+06    1.138e+03
   7.500e+06    1.139e+03
   7.505e+06    1.140e+03
   7.510e+06    1.141e+03
   7.515e+06    1.141e+03
   7.520e+06    1.142e+03
   7.525e+06    1.143e+03
   7.530e+06    1.144e+03
   7.535e+06    1.144e+03
   7.540e+06    1.145e+03
   7.545e+06    1.146e+03
   7.550e+06    1.146e+03
   7.555e+06    1.147e+03
   7.560e+06    1.148e+03
   7.565e+06    1.149e+03
   7.570e+06    1.149e+03
   7.575e+06    1.150e+03
   7.580e+06    1.151e+03
   7.585e+06    1.152e+03
   7.590e+06    1.152e+03
   7.595e+06    1.153e+03
   7.600e+06    1.154e+03
   7.605e+06    1.154e+03
   7.610e+06    1.155e+03
   7.615e+06    1.156e+03
   7.620e+06    1.157e+03
   7.625e+06    1.157e+03
   7.630e+06    1.158e+03
   7.635e+06    1.159e+03
   7.640e+06    1.160e+03
   7.645e+06    1.160e+03
   7.650e+06    1.161e+03
   7.655e+06    1.162e+03
   7.660e+06    1.162e+03
   7.665e+06    1.163e+03
   7.670e+06    1.164e+03
   7.675e+06    1.165e+03
   7.680e+06    1.165e+03
   7.685e+06    1.166e+03
   7.690e+06    1.167e+03
   7.695e+06    1.167e+03
   7.700e+06    1.168e+03
   7.705e+06    1.169e+03
   7.710e+06    1.170e+03
   7.715e+06    1.170e+03
   7.720e+06    1.171e+03
   7.725e+06    1.172e+03
   7.730e+06    1.172e+03
   7.735e+06    1.173e+03
   7.740e+06    1.174e+03
   7.745e+06    1.174e+03
   7.750e+06    1.175e+03
   7.755e+06    1.176e+03
   7.760e+06    1.177e+03
   7.765e+06    1.177e+03
   7.770e+06    1.178e+03
   7.775e+06    1.179e+03
   7.780e+06    1.179e+03
   7.785e+06    1.180e+03
   7.790e+06    1.181e+03
   7.795e+06    1.181e+03
   7.800e+06    1.182e+03
   7.805e+06    1.183e+03
   7.810e+06    1.184e+03
   7.815e+06    1.184e+03
   7.820e+06    1.185e+03
   7.825e+06    1.186e+03
   7.830e+06    1.186e+03
   7.835e+06    1.187e+03
   7.840e+06    1.188e+03
   7.845e+06    1.188e+03
   7.850e+06    1.189e+03
   7.855e+06    1.190e+03
   7.860e+06    1.190e+03
   7.865e+06    1.191e+03
   7.870e+06    1.192e+03
   7.875e+06    1.193e+03
   7.880e+06    1.193e+03
   7.885e+06    1.194e+03
   7.890e+06    1.195e+03
   7.895e+06    1.195e+03
   7.900e+06    1.196e+03
   7.905e+06    1.197e+03
   7.910e+06    1.197e+03
   7.915e+06    1.198e+03
   7.920e+06    1.199e+03
   7.925e+06    1.199e+03
   7.930e+06    1.200e+03
   7.935e+06    1.201e+03
   7.940e+06    1.201e+03
   7.945e+06    1.202e+03
   7.950e+06    1.203e+03
   7.955e+06    1.203e+03
   7.960e+06    1.204e+03
   7.965e+06    1.205e+03
   7.970e+06    1.205e+03
   7.975e+06    1.206e+03
   7.980e+06    1.207e+03
   7.985e+06    1.207e+03
   7.990e+06    1.208e+03
   7.995e+06    1.209e+03
   8.000e+06    1.209e+03
   8.005e+06    1.210e+03
   8.010e+06    1.211e+03
   8.015e+06    1.211e+03
   8.020e+06    1.212e+03
   8.025e+06    1.213e+03
   8.030e+06    1.213e+03
   8.035e+06    1.214e+03
   8.040e+06    1.215e+03
   8.045e+06    1.215e+03
   8.050e+06    1.216e+03
   8.055e+06    1.217e+03
   8.060e+06    1.217e+03
   8.065e+06    1.218e+03
   8.070e+06    1.219e+03
   8.075e+06    1.219e+03
   8.080e+06    1.220e+03
   8.085e+06    1.221e+03
   8.090e+06    1.221e+03
   8.095e+06    1.222e+03
   8.100e+06    1.223e+03
   8.105e+06    1.223e+03
   8.110e+06    1.224e+03
   8.115e+06    1.224e+03
   8.120e+06    1.225e+03
   8.125e+06    1.226e+03
   8.130e+06    1.226e+03
   8.135e+06    1.227e+03
   8.140e+06    1.228e+03
   8.145e+06    1.228e+03
   8.150e+06    1.229e+03
   8.155e+06    1.230e+03
   8.160e+06    1.230e+03
   8.165e+06    1.231e+03
   8.170e+06    1.232e+03
   8.175e+06    1.232e+03
   8.180e+06    1.233e+03
   8.185e+06    1.234e+03
   8.190e+06    1.234e+03
   8.195e+06    1.235e+03
   8.200e+06    1.235e+03
   8.205e+06    1.236e+03
   8.210e+06    1.237e+03
   8.215e+06    1.237e+03
   8.220e+06    1.238e+03
   8.225e+06    1.239e+03
   8.230e+06    1.239e+03
   8.235e+06    1.240e+03
   8.240e+06    1.240e+03
   8.245e+06    1.241e+03
   8.250e+06    1.242e+03
   8.255e+06    1.242e+03
   8.260e+06    1.243e+03
   8.265e+06    1.244e+03
   8.270e+06    1.244e+03
   8.275e+06    1.245e+03
   8.280e+06    1.246e+03
   8.285e+06    1.246e+03
   8.290e+06    1.247e+03
   8.295e+06    1.247e+03
   8.300e+06    1.248e+03
   8.305e+06    1.249e+03
   8.310e+06    1.249e+03
   8.315e+06    1.250e+03
   8.320e+06    1.251e+03
   8.325e+06    1.251e+03
   8.330e+06    1.252e+03
   8.335e+06    1.252e+03
   8.340e+06    1.253e+03
   8.345e+06    1.254e+03
   8.350e+06    1.254e+03
   8.355e+06    1.255e+03
   8.360e+06    1.255e+03
   8.365e+06    1.256e+03
   8.370e+06    1.257e+03
   8.375e+06    1.257e+03
   8.380e+06    1.258e+03
   8.385e+06    1.259e+03
   8.390e+06    1.259e+03
   8.395e+06    1.260e+03
   8.400e+06    1.260e+03
   8.405e+06    1.261e+03
   8.410e+06    1.262e+03
   8.415e+06    1.262e+03
   8.420e+06    1.263e+03
   8.425e+06    1.263e+03
   8.430e+06    1.264e+03
   8.435e+06    1.265e+03
   8.440e+06    1.265e+03
   8.445e+06    1.266e+03
   8.450e+06    1.266e+03
   8.455e+06    1.267e+03
   8.460e+06    1.268e+03
   8.465e+06    1.268e+03
   8.470e+06    1.269e+03
   8.475e+06    1.269e+03
   8.480e+06    1.270e+03
   8.485e+06    1.271e+03
   8.490e+06    1.271e+03
   8.495e+06    1.272e+03
   8.500e+06    1.272e+03
   8.505e+06    1.273e+03
   8.510e+06    1.274e+03
   8.515e+06    1.274e+03
   8.520e+06    1.275e+03
   8.525e+06    1.275e+03
   8.530e+06    1.276e+03
   8.535e+06    1.277e+03
   8.540e+06    1.277e+03
   8.545e+06    1.278e+03
   8.550e+06    1.279e+03
   8.555e+06    1.280e+03
   8.560e+06    1.281e+03
   8.565e+06    1.282e+03
   8.570e+06    1.283e+03
   8.575e+06    1.283e+03
   8.580e+06    1.284e+03
   8.585e+06    1.285e+03
   8.590e+06    1.286e+03
   8.595e+06    1.287e+03
   8.600e+06    1.288e+03
   8.605e+06    1.289e+03
   8.610e+06    1.290e+03
   8.615e+06    1.290e+03
   8.620e+06    1.291e+03
   8.625e+06    1.292e+03
   8.630e+06    1.293e+03
   8.635e+06    1.294e+03
   8.640e+06    1.295e+03
   8.645e+06    1.296e+03
   8.650e+06    1.296e+03
   8.655e+06    1.297e+03
   8.660e+06    1.298e+03
   8.665e+06    1.299e+03
   8.670e+06    1.300e+03
   8.675e+06    1.301e+03
   8.680e+06    1.302e+03
   8.685e+06    1.303e+03
   8.690e+06    1.303e+03
   8.695e+06    1.304e+03
   8.700e+06    1.305e+03
   8.705e+06    1.306e+03
   8.710e+06    1.307e+03
   8.715e+06    1.308e+03
   8.720e+06    1.308e+03
   8.725e+06    1.309e+03
   8.730e+06    1.310e+03
   8.735e+06    1.311e+03
   8.740e+06    1.312e+03
   8.745e+06    1.313e+03
   8.750e+06    1.314e+03
   8.755e+06    1.314e+03
   8.760e+06    1.315e+03
   8.765e+06    1.316e+03
   8.770e+06    1.317e+03
   8.775e+06    1.318e+03
   8.780e+06    1.319e+03
   8.785e+06    1.319e+03
   8.790e+06    1.320e+03
   8.795e+06    1.321e+03
   8.800e+06    1.322e+03
   8.805e+06    1.323e+03
   8.810e+06    1.324e+03
   8.815e+06    1.325e+03
   8.820e+06    1.325e+03
   8.825e+06    1.326e+03
   8.830e+06    1.327e+03
   8.835e+06    1.328e+03
   8.840e+06    1.329e+03
   8.845e+06    1.330e+03
   8.850e+06    1.330e+03
   8.855e+06    1.331e+03
   8.860e+06    1.332e+03
   8.865e+06    1.333e+03
   8.870e+06    1.334e+03
   8.875e+06    1.334e+03
   8.880e+06    1.335e+03
   8.885e+06    1.336e+03
   8.890e+06    1.337e+03
   8.895e+06    1.338e+03
   8.900e+06    1.339e+03
   8.905e+06    1.339e+03
   8.910e+06    1.340e+03
   8.915e+06    1.341e+03
   8.920e+06    1.342e+03
   8.925e+06    1.343e+03
   8.930e+06    1.344e+03
   8.935e+06    1.344e+03
   8.940e+06    1.345e+03
   8.945e+06    1.346e+03
   8.950e+06    1.347e+03
   8.955e+06    1.348e+03
   8.960e+06    1.348e+03
   8.965e+06    1.349e+03
   8.970e+06    1.350e+03
   8.975e+06    1.351e+03
   8.980e+06    1.352e+03
   8.985e+06    1.352e+03
   8.990e+06    1.353e+03
   8.995e+06    1.354e+03
   9.000e+06    1.355e+03
   9.005e+06    1.356e+03
   9.010e+06    1.356e+03
   9.015e+06    1.357e+03
   9.020e+06    1.358e+03
   9.025e+06    1.359e+03
   9.030e+06    1.360e+03
   9.035e+06    1.360e+03
   9.040e+06    1.361e+03
   9.045e+06    1.362e+03
   9.050e+06    1.363e+03
   9.055e+06    1.364e+03
   9.060e+06    1.364e+03
   9.065e+06    1.365e+03
   9.070e+06    1.366e+03
   9.075e+06    1.367e+03
   9.080e+06    1.368e+03
   9.085e+06    1.368e+03
   9.090e+06    1.369e+03
   9.095e+06    1.370e+03
   9.100e+06    1.371e+03
   9.105e+06    1.372e+03
   9.110e+06    1.372e+03
   9.115e+06    1.373e+03
   9.120e+06    1.374e+03
   9.125e+06    1.375e+03
   9.130e+06    1.375e+03
   9.135e+06    1.376e+03
   9.140e+06    1.377e+03
   9.145e+06    1.378e+03
   9.150e+06    1.379e+03
   9.155e+06    1.379e+03
   9.160e+06    1.380e+03
   9.165e+06    1.381e+03
   9.170e+06    1.382e+03
   9.175e+06    1.383e+03
   9.180e+06    1.383e+03
   9.185e+06    1.384e+03
   9.190e+06    1.385e+03
   9.195e+06    1.386e+03
   9.200e+06    1.386e+03
   9.205e+06    1.387e+03
   9.210e+06    1.388e+03
   9.215e+06    1.389e+03
   9.220e+06    1.389e+03
   9.225e+06    1.390e+03
   9.230e+06    1.391e+03
   9.235e+06    1.392e+03
   9.240e+06    1.393e+03
   9.245e+06    1.393e+03
   9.250e+06    1.394e+03
   9.255e+06    1.395e+03
   9.260e+06    1.396e+03
   9.265e+06    1.396e+03
   9.270e+06    1.397e+03
   9.275e+06    1.398e+03
   9.280e+06    1.399e+03
   9.285e+06    1.399e+03
   9.290e+06    1.400e+03
   9.295e+06    1.401e+03
   9.300e+06    1.402e+03
   9.305e+06    1.402e+03
   9.310e+06    1.403e+03
   9.315e+06    1.404e+03
   9.320e+06    1.405e+03
   9.325e+06    1.405e+03
   9.330e+06    1.406e+03
   9.335e+06    1.407e+03
   9.340e+06    1.408e+03
   9.345e+06    1.408e+03
   9.350e+06    1.409e+03
   9.355e+06    1.410e+03
   9.360e+06    1.411e+03
   9.365e+06    1.411e+03
   9.370e+06    1.412e+03
   9.375e+06    1.413e+03
   9.380e+06    1.414e+03
   9.385e+06    1.414e+03
   9.390e+06    1.415e+03
   9.395e+06    1.416e+03
   9.400e+06    1.417e+03
   9.405e+06    1.417e+03
   9.410e+06    1.418e+03
   9.415e+06    1.419e+03
   9.420e+06    1.420e+03
   9.425e+06    1.420e+03
   9.430e+06    1.421e+03
   9.435e+06    1.422e+03
   9.440e+06    1.422e+03
   9.445e+06    1.423e+03
   9.450e+06    1.424e+03
   9.455e+06    1.425e+03
   9.460e+06    1.425e+03
   9.465e+06    1.426e+03
   9.470e+06    1.427e+03
   9.475e+06    1.428e+03
   9.480e+06    1.428e+03
   9.485e+06    1.429e+03
   9.490e+06    1.430e+03
   9.495e+06    1.430e+03
   9.500e+06    1.431e+03
   9.505e+06    1.432e+03
   9.510e+06    1.433e+03
   9.515e+06    1.433e+03
   9.520e+06    1.434e+03
   9.525e+06    1.435e+03
   9.530e+06    1.436e+03
   9.535e+06    1.436e+03
   9.540e+06    1.437e+03
   9.545e+06    1.438e+03
   9.550e+06    1.438e+03
   9.555e+06    1.439e+03
   9.560e+06    1.440e+03
   9.565e+06    1.441e+03
   9.570e+06    1.441e+03
   9.575e+06    1.442e+03
   9.580e+06    1.443e+03
   9.585e+06    1.443e+03
   9.590e+06    1.444e+03
   9.595e+06    1.445e+03
   9.600e+06    1.445e+03
   9.605e+06    1.446e+03
   9.610e+06    1.447e+03
   9.615e+06    1.448e+03
   9.620e+06    1.448e+03
   9.625e+06    1.449e+03
   9.630e+06    1.450e+03
   9.635e+06    1.450e+03
   9.640e+06    1.451e+03
   9.645e+06    1.452e+03
   9.650e+06    1.453e+03
   9.655e+06    1.453e+03
   9.660e+06    1.454e+03
   9.665e+06    1.455e+03
   9.670e+06    1.455e+03
   9.675e+06    1.456e+03
   9.680e+06    1.457e+03
   9.685e+06    1.457e+03
   9.690e+06    1.458e+03
   9.695e+06    1.459e+03
   9.700e+06    1.459e+03
   9.705e+06    1.460e+03
   9.710e+06    1.461e+03
   9.715e+06    1.462e+03
   9.720e+06    1.462e+03
   9.725e+06    1.463e+03
   9.730e+06    1.464e+03
   9.735e+06    1.464e+03
   9.740e+06    1.465e+03
   9.745e+06    1.466e+03
   9.750e+06    1.466e+03
   9.755e+06    1.467e+03
   9.760e+06    1.468e+03
   9.765e+06    1.468e+03
   9.770e+06    1.469e+03
   9.775e+06    1.470e+03
   9.780e+06    1.470e+03
   9.785e+06    1.471e+03
   9.790e+06    1.472e+03
   9.795e+06    1.473e+03
   9.800e+06    1.473e+03
   9.805e+06    1.474e+03
   9.810e+06    1.475e+03
   9.815e+06    1.475e+03
   9.820e+06    1.476e+03
   9.825e+06    1.477e+03
   9.830e+06    1.478e+03
   9.835e+06    1.478e+03
   9.840e+06    1.479e+03
   9.845e+06    1.480e+03
   9.850e+06    1.480e+03
   9.855e+06    1.481e+03
   9.860e+06    1.482e+03
   9.865e+06    1.483e+03
   9.870e+06    1.483e+03
   9.875e+06    1.484e+03
   9.880e+06    1.485e+03
   9.885e+06    1.485e+03
   9.890e+06    1.486e+03
   9.895e+06    1.487e+03
   9.900e+06    1.487e+03
   9.905e+06    1.488e+03
   9.910e+06    1.489e+03
   9.915e+06    1.490e+03
   9.920e+06    1.490e+03
   9.925e+06    1.491e+03
   9.930e+06    1.492e+03
   9.935e+06    1.492e+03
   9.940e+06    1.493e+03
   9.945e+06    1.494e+03
   9.950e+06    1.494e+03
   9.955e+06    1.495e+03
   9.960e+06    1.496e+03
   9.965e+06    1.496e+03
   9.970e+06    1.497e+03
   9.975e+06    1.498e+03
   9.980e+06    1.499e+03
   9.985e+06    1.499e+03
   9.990e+06    1.500e+03
   9.995e+06    1.501e+03
   1.000e+07    1.501e+03
