1.23483 1.25938 7.10522  1
4.19354 1.44023 9.3255 1
1.35589 4.02339 9.35437 1
2.61939 2.58316 10.6788 1
3.43047 0.824825 4.38421 1
6.68667 1.36335 6.87204 1
9.2499 1.14991 9.55888 1
1.27627 3.85177 4.06551 1
2.51895 2.57197 5.62719 1
4.16045 3.98736 6.67312 1
5.55689 2.91728 8.21998 1
6.76669 4.33914 9.79285 1
7.42176 3.47063 1.15 1
1.49904 6.59684 6.54323 1
2.77933 5.3568 8.0241 1
3.93179 6.76453 9.57911 1
5.17506 5.47197 0.257236 1
1.55952 9.39021 9.59521 1
2.98394 8.37569 0.298669 1
7.49539 1.29463 0.402054 1
9.06827 0.969153 4.07602 1
3.89615 3.78992 1.39948 1
4.66874 1.84395 2.62057 1
6.39723 3.35281 3.55497 1
7.90805 2.61684 5.26392 1
9.32491 3.95614 6.6958 1
10.5483 2.65935 8.26023 1
1.56423 6.89884 1.50228 1
2.74241 5.29976 2.79946 1
4.51587 6.75383 3.94897 1
5.60922 5.10212 5.15248 1
6.84111 6.51034 6.7285 1
8.25012 5.39882 8.23225 1
9.7739 6.86379 9.31402 1
0.239564 5.50014 0.00834545 1
1.74017 9.72216 4.33316 1
2.95134 8.00545 5.32322 1
4.08986 9.26522 6.94273 1
5.46323 7.80457 8.15066 1
6.92525 9.10666 9.44705 1
8.47682 7.89254 0.155127 1
2.8136 10.7717 8.22351 1
5.66735 0.0328909 10.445 1
9.5632 4.22594 1.45564 1
10.7488 2.37728 2.7433 1
6.0102 6.90984 2.02107 1
8.32277 6.25389 2.04758 1
9.51814 6.93046 3.99512 1
10.7133 5.29985 5.31272 1
4.14956 10.408 1.35766 1
6.03808 9.29919 2.18464 1
6.12654 8.91442 4.40925 1
8.04335 8.05827 5.38861 1
9.04745 10.1219 5.89415 1
0.480207 8.16696 7.92975 1
1.53232 1.11161 1.34548 1
5.25086 10.7274 5.60854 1
8.08831 10.6413 7.99023 1
0.0683345 10.7435 10.7489 1
9.67042 9.43301 1.42118 1
0.292484 8.34408 2.94329 1
7.94428 10.7565 2.24424 1
0.470094 9.97596 6.3234 1
