0.001 1.00048e+06 -503843000
0.002 496637 -3.35894e+08
0.003 328693 -125961500
0.004 244714 -67216000
0.005 194261 -42056500
0.006 160601 -2.8849e+07
0.007 136563 -21035500
0.008 118530 -1.60205e+07
0.009 104522 -1.26016e+07
0.01 93326.9 -1.01718e+07
0.011 84178.3 -8.37935e+06
0.012 76568.2 -7014900
0.013 70148.5 -5.9571e+06
0.014 64654 -5.1206e+06
0.015 59907.3 -4.4466e+06
0.016 55760.8 -3898450
0.017 52110.4 -3.4487e+06
0.018 48863.4 -3076850
0.019 45956.7 -2762450
0.02 43338.5 -2.55143e+06
0.04 19018.9 -801257
0.06 11288.2 -285751
0.08 7588.85 -145951
0.1 5450.17 -87419
0.12 4092.09 -67904
0.14 3176.53 -37899.4
0.16 2534.44 -27105.8
0.18 2067.98 -19994.3
0.2 1719.11 -15155.1
0.22 1451.23 -11853.8
0.24 1237.59 -9653.04
0.26 1062.26 -7959.87
0.28 916.535 -6667.91
0.3 793.766 -5646.12
0.32 689.452 -4811.97
0.34 600.354 -4117.05
0.36 524.013 -3531.57
0.38 458.444 -3035.28
0.4 402.02 -2613.58
0.42 353.362 -2254.53
0.44 311.319 -1948.32
0.46 274.922 -1686.78
0.48 243.42 -1462.48
0.5 216.142 -1269.91
0.52 192.424 -1104.61
0.54 171.781 -962.781
0.56 153.772 -840.873
0.58 138.025 -735.99
0.6 124.227 -645.647
0.62 112.421 -568.238
0.64 101.775 -501.035
0.66 92.3586 -443.09
0.68 84.0143 -392.911
0.7 76.5984 -349.373
0.72 69.9969 -311.814
0.74 64.0952 -279.289
0.76 58.7988 -251.118
0.78 54.0267 -226.707
0.8 49.7104 -205.534
0.82 45.7892 -187.152
0.84 42.2104 -171.166
0.86 38.931 -157.228
0.88 35.9132 -145.145
0.9 33.1211 -134.337
0.92 30.5317 -124.864
0.94 28.1217 -116.415
0.96 25.873 -108.791
0.98 23.7699 -101.839
1 21.7979 -95.4347
1.1 13.6724 -70.9604
1.2 7.57861 -51.7584
1.3 3.13874 -36.1787
1.4 0.19337 -23.4762
1.5 -1.64374 -14.9277
1.6 -2.81458 -8.90788
1.7 -3.53702 -4.6686
1.8 -3.92821 -1.77357
1.9 -4.09223 0.13277
2 -4.07592 1.32467
2.1 -3.84893 2.0132
2.2 -3.57659 2.38436
2.3 -2.69857 2.34523
2.4 -2.38243 2.33366
2.5 -2.14347 2.27714
2.6 -1.91866 2.18849
2.7 -1.70971 2.08323
2.8 -1.51411 1.97448
2.9 -1.32557 1.85976
3 -1.14672 1.74627
3.1 -0.97842 1.63397
3.3 -0.775465 1.21879
3.4 -0.655758 1.05172
3.5 -0.551545 0.906456
3.6 -0.462176 0.777131
3.7 -0.386138 0.664621
3.8 -0.322178 0.566766
3.9 -0.268434 0.482024
4 -0.223367 0.406589
5 -0.035143 0.0684932
6 0.656612 0.0136267
7 0.666084 0.0024168
8 0.667478 0.000514214
9 0.667723 0.000102843
